	Socioeconomic Score	Study Hours	Sleep Hours	Attendance (%)	Grades	Sleep + Study	Pass/Fail	Grades Percentile
0	0.95822	3.4	8.2	53.0	47.0	11.6	Fail	15%
1	0.85566	3.2	5.9	55.0	35.0	9.100000000000001	Fail	2%
2	0.68025	3.2	9.3	41.0	32.0	12.5	Fail	0%
3	0.25936	3.2	8.2	47.0	34.0	11.399999999999999	Fail	1%
4	0.60447	3.8	10.0	75.0	33.0	13.8	Fail	0%
5	0.9832	3.4	9.0	47.0	51.0	12.4	Pass	20%
6	0.56648	7.9	8.1	63.0	54.0	16.0	Pass	23%
7	0.93487	1.4	8.0	47.0	34.0	9.4	Fail	1%
8	0.4666	5.4	8.8	67.0	39.0	14.200000000000001	Fail	6%
9	0.6213	1.4	9.6	42.0	34.0	11.0	Fail	1%
10	0.34712	3.8	7.3	61.0	35.0	11.1	Fail	2%
11	0.34816	9.1	7.7	80.0	60.0	16.8	Pass	29%
12	0.81689	1.1	8.9	43.0	34.0	10.0	Fail	1%
13	0.3594	3.7	8.0	55.0	35.0	11.7	Fail	2%
14	0.97654	3.7	9.9	51.0	51.0	13.600000000000001	Pass	20%
15	0.42548	3.9	9.3	68.0	33.0	13.200000000000001	Fail	0%
16	0.64124	2.9	5.7	60.0	35.0	8.6	Fail	2%
17	0.64898	4.6	5.4	74.0	34.0	10.0	Fail	1%
18	0.92323	3.9	9.8	69.0	46.0	13.700000000000001	Fail	14%
19	0.87614	3.5	8.3	55.0	39.0	11.8	Fail	6%
20	0.26296	2.6	8.1	47.0	35.0	10.7	Fail	2%
21	0.58981	3.5	8.8	70.0	34.0	12.3	Fail	1%
22	0.66286	9.8	6.2	78.0	64.0	16.0	Pass	32%
23	0.83527	6.5	9.2	65.0	52.0	15.7	Pass	21%
24	0.6882	4.0	6.0	66.0	34.0	10.0	Fail	1%
25	0.85543	3.1	8.6	52.0	37.0	11.7	Fail	4%
26	0.34563	2.8	5.6	40.0	33.0	8.399999999999999	Fail	0%
27	0.53559	3.8	8.2	59.0	34.0	12.0	Fail	1%
28	0.73168	5.9	8.1	58.0	45.0	14.0	Fail	13%
29	0.30447	3.5	6.9	60.0	35.0	10.4	Fail	2%
30	0.40864	3.8	9.4	45.0	33.0	13.2	Fail	0%
31	0.46119	7.2	7.7	56.0	49.0	14.9	Fail	18%
32	0.27332	6.1	8.9	53.0	43.0	15.0	Fail	11%
33	0.42048	3.0	9.8	53.0	34.0	12.8	Fail	1%
34	0.25286	4.9	7.6	51.0	35.0	12.5	Fail	2%
35	0.19568	5.3	9.8	74.0	38.0	15.100000000000001	Fail	5%
36	0.91607	2.1	7.9	56.0	33.0	10.0	Fail	0%
37	0.99789	9.5	7.1	41.0	88.0	16.6	Pass	34%
38	0.14907	6.8	8.9	56.0	47.0	15.7	Fail	15%
39	0.28434	3.7	9.3	68.0	34.0	13.0	Fail	1%
40	0.37128	3.7	9.2	80.0	33.0	12.899999999999999	Fail	0%
41	0.28078	1.3	8.7	49.0	34.0	10.0	Fail	1%
42	0.79683	3.6	8.6	63.0	34.0	12.2	Fail	1%
43	0.74132	8.4	7.5	80.0	58.0	15.9	Pass	27%
44	0.67146	3.6	9.2	77.0	35.0	12.799999999999999	Fail	2%
45	0.4485	3.0	6.2	61.0	35.0	9.2	Fail	2%
46	0.30071	3.1	5.5	53.0	34.0	8.6	Fail	1%
47	0.57307	3.8	6.1	60.0	34.0	9.899999999999999	Fail	1%
48	0.4928	3.6	6.3	42.0	34.0	9.9	Fail	1%
49	0.56987	9.0	7.3	74.0	61.0	16.3	Pass	30%
50	0.39782	8.9	6.4	84.0	60.0	15.3	Pass	29%
51	0.5882	8.8	5.1	72.0	60.0	13.9	Pass	29%
52	0.68935	4.2	7.8	72.0	33.0	12.0	Fail	0%
53	0.13906	3.6	8.7	62.0	33.0	12.299999999999999	Fail	0%
54	0.15977	1.0	7.2	46.0	34.0	8.2	Fail	1%
55	0.12011	4.0	6.1	55.0	35.0	10.1	Fail	2%
56	0.25436	3.5	8.6	51.0	34.0	12.1	Fail	1%
57	0.60836	3.4	9.0	43.0	34.0	12.4	Fail	1%
58	0.73301	1.9	9.5	73.0	35.0	11.4	Fail	2%
59	0.28223	6.9	5.9	67.0	48.0	12.8	Fail	17%
60	0.26423	4.3	8.0	66.0	35.0	12.3	Fail	2%
61	0.65211	3.6	7.3	54.0	34.0	10.9	Fail	1%
62	0.68842	2.6	6.6	58.0	33.0	9.2	Fail	0%
63	0.99555	5.7	7.9	78.0	66.0	13.600000000000001	Pass	33%
64	0.10385	8.0	8.7	63.0	54.0	16.7	Pass	23%
65	0.89689	6.2	8.2	46.0	57.0	14.399999999999999	Pass	26%
66	0.15984	6.5	9.7	68.0	46.0	16.2	Fail	14%
67	0.95774	3.8	8.4	76.0	47.0	12.2	Fail	15%
68	0.35364	3.3	9.9	40.0	33.0	13.2	Fail	0%
69	0.44383	3.9	6.8	53.0	33.0	10.7	Fail	0%
70	0.18247	5.8	9.4	64.0	41.0	15.2	Fail	9%
71	0.20105	3.2	6.7	44.0	33.0	9.9	Fail	0%
72	0.75407	7.3	9.6	61.0	54.0	16.9	Pass	23%
73	0.9499	8.1	8.5	84.0	70.0	16.6	Pass	34%
74	0.74427	8.6	7.4	100.0	58.0	16.0	Pass	27%
75	0.14071	4.0	9.8	50.0	35.0	13.8	Fail	2%
76	0.41558	3.2	6.9	47.0	33.0	10.100000000000001	Fail	0%
77	0.31732	2.5	9.8	41.0	34.0	12.3	Fail	1%
78	0.26158	6.7	6.3	63.0	46.0	13.0	Fail	14%
79	0.92339	4.9	8.2	69.0	49.0	13.1	Fail	18%
80	0.22624	3.6	9.9	63.0	34.0	13.5	Fail	1%
81	0.18915	5.5	5.5	54.0	38.0	11.0	Fail	5%
82	0.38692	3.9	5.1	64.0	35.0	9.0	Fail	2%
83	0.4561	3.9	9.1	64.0	33.0	13.0	Fail	0%
84	0.26974	7.1	8.8	53.0	49.0	15.9	Fail	18%
85	0.60547	6.8	7.4	61.0	46.0	14.2	Fail	14%
86	0.72353	2.3	6.4	51.0	33.0	8.7	Fail	0%
87	0.57891	3.8	8.2	51.0	34.0	12.0	Fail	1%
88	0.49081	4.5	8.6	47.0	34.0	13.1	Fail	1%
89	0.29743	3.6	7.7	66.0	34.0	11.3	Fail	1%
90	0.78173	7.3	5.1	57.0	51.0	12.399999999999999	Pass	20%
91	0.47728	3.9	8.2	66.0	34.0	12.1	Fail	1%
92	0.36757	1.6	7.1	44.0	35.0	8.7	Fail	2%
93	0.18389	3.0	8.1	42.0	35.0	11.1	Fail	2%
94	0.26843	3.6	8.6	58.0	34.0	12.2	Fail	1%
95	0.55376	7.4	8.2	82.0	50.0	15.6	Pass	19%
96	0.86422	3.2	9.3	48.0	37.0	12.5	Fail	4%
97	0.31208	3.4	9.0	65.0	34.0	12.4	Fail	1%
98	0.94165	3.8	6.1	55.0	45.0	9.899999999999999	Fail	13%
99	0.95942	4.8	8.9	59.0	54.0	13.7	Pass	23%
100	0.96301	4.1	9.0	47.0	53.0	13.1	Pass	22%
101	0.42744	3.9	9.8	79.0	34.0	13.700000000000001	Fail	1%
102	0.16542	3.8	9.1	55.0	35.0	12.899999999999999	Fail	2%
103	0.61194	3.1	9.0	59.0	35.0	12.1	Fail	2%
104	0.60281	3.6	5.1	48.0	33.0	8.7	Fail	0%
105	0.86498	8.3	8.2	59.0	64.0	16.5	Pass	32%
106	0.41068	2.0	8.6	49.0	33.0	10.6	Fail	0%
107	0.26731	4.0	8.8	65.0	33.0	12.8	Fail	0%
108	0.5582	7.6	9.0	59.0	53.0	16.6	Pass	22%
109	0.59997	3.6	5.8	57.0	34.0	9.4	Fail	1%
110	0.84244	6.6	8.5	51.0	57.0	15.1	Pass	26%
111	0.55412	3.9	6.3	51.0	35.0	10.2	Fail	2%
112	0.23347	3.7	8.7	57.0	34.0	12.399999999999999	Fail	1%
113	0.70763	3.7	8.1	67.0	35.0	11.8	Fail	2%
114	0.25321	3.8	8.4	75.0	35.0	12.2	Fail	2%
115	0.27079	7.1	8.0	71.0	49.0	15.1	Fail	18%
116	0.93385	2.8	8.1	45.0	40.0	10.899999999999999	Fail	8%
117	0.12899	2.2	8.2	51.0	33.0	10.399999999999999	Fail	0%
118	0.51628	3.9	9.1	43.0	35.0	13.0	Fail	2%
119	0.69857	3.7	7.5	51.0	35.0	11.2	Fail	2%
120	0.85567	3.3	8.0	52.0	36.0	11.3	Fail	3%
121	0.42434	6.7	5.7	56.0	47.0	12.4	Fail	15%
122	0.48421	7.3	8.4	68.0	49.0	15.7	Fail	18%
123	0.98373	3.3	8.6	45.0	50.0	11.899999999999999	Pass	19%
124	0.49489	1.2	5.8	53.0	33.0	7.0	Fail	0%
125	0.31067	3.8	10.0	52.0	34.0	13.8	Fail	1%
126	0.47068	3.6	8.1	61.0	34.0	11.7	Fail	1%
127	0.34342	8.0	6.4	60.0	53.0	14.4	Pass	22%
128	0.14197	8.1	5.8	64.0	55.0	13.899999999999999	Pass	24%
129	0.48911	3.6	5.6	50.0	33.0	9.2	Fail	0%
130	0.8447	3.4	8.5	43.0	38.0	11.9	Fail	5%
131	0.70779	6.9	8.8	52.0	49.0	15.700000000000001	Fail	18%
132	0.93925	6.0	9.8	51.0	60.0	15.8	Pass	29%
133	0.72427	3.6	8.4	69.0	34.0	12.0	Fail	1%
134	0.97759	5.0	8.3	75.0	57.0	13.3	Pass	26%
135	0.31144	6.0	8.7	82.0	42.0	14.7	Fail	10%
136	0.1903	4.2	5.3	50.0	33.0	9.5	Fail	0%
137	0.75318	3.5	9.7	51.0	35.0	13.2	Fail	2%
138	0.40247	7.7	8.3	59.0	53.0	16.0	Pass	22%
139	0.2528	4.0	9.7	66.0	34.0	13.7	Fail	1%
140	0.62268	3.2	6.2	47.0	35.0	9.4	Fail	2%
141	0.53531	8.8	6.7	61.0	59.0	15.5	Pass	28%
142	0.49722	4.0	8.2	51.0	34.0	12.2	Fail	1%
143	0.40478	7.7	9.0	59.0	51.0	16.7	Pass	20%
144	0.36413	8.2	5.7	76.0	54.0	13.899999999999999	Pass	23%
145	0.33917	3.9	8.7	63.0	34.0	12.6	Fail	1%
146	0.18535	7.7	8.8	83.0	52.0	16.5	Pass	21%
147	0.13291	3.6	8.2	56.0	35.0	11.799999999999999	Fail	2%
148	0.26777	3.4	6.9	46.0	34.0	10.3	Fail	1%
149	0.77209	8.8	6.8	69.0	61.0	15.600000000000001	Pass	30%
150	0.39292	1.8	8.3	47.0	34.0	10.100000000000001	Fail	1%
151	0.70141	7.2	9.5	53.0	53.0	16.7	Pass	22%
152	0.7452	5.9	8.4	78.0	42.0	14.3	Fail	10%
153	0.62307	3.2	5.8	43.0	34.0	9.0	Fail	1%
154	0.96291	3.6	8.3	74.0	46.0	11.9	Fail	14%
155	0.87604	6.2	9.9	47.0	57.0	16.1	Pass	26%
156	0.2511	3.6	8.8	53.0	33.0	12.4	Fail	0%
157	0.39414	3.6	8.6	54.0	33.0	12.2	Fail	0%
158	0.25521	7.8	7.9	60.0	53.0	15.7	Pass	22%
159	0.38537	8.7	5.9	72.0	60.0	14.6	Pass	29%
160	0.58556	3.6	8.8	59.0	35.0	12.4	Fail	2%
161	0.72183	6.3	9.9	54.0	48.0	16.2	Fail	17%
162	0.47921	3.8	9.3	67.0	34.0	13.100000000000001	Fail	1%
163	0.86861	3.1	8.3	49.0	38.0	11.4	Fail	5%
164	0.1582	3.0	9.7	42.0	34.0	12.7	Fail	1%
165	0.60177	6.2	7.7	70.0	44.0	13.9	Fail	12%
166	0.9612	4.0	8.9	56.0	50.0	12.9	Pass	19%
167	0.89116	3.7	9.5	53.0	43.0	13.2	Fail	11%
168	0.46406	5.5	8.2	83.0	41.0	13.7	Fail	9%
169	0.36236	1.4	8.3	58.0	34.0	9.700000000000001	Fail	1%
170	0.57926	6.3	8.5	71.0	44.0	14.8	Fail	12%
171	0.39146	6.9	8.8	58.0	49.0	15.700000000000001	Fail	18%
172	0.29794	3.7	5.1	55.0	34.0	8.8	Fail	1%
173	0.75452	6.2	8.0	64.0	47.0	14.2	Fail	15%
174	0.41469	5.6	8.1	65.0	40.0	13.7	Fail	8%
175	0.18356	4.9	8.4	76.0	35.0	13.3	Fail	2%
176	0.56512	3.7	9.6	52.0	34.0	13.3	Fail	1%
177	0.2921	3.6	8.5	51.0	33.0	12.1	Fail	0%
178	0.85183	6.5	9.3	57.0	54.0	15.8	Pass	23%
179	0.65421	3.9	8.1	69.0	35.0	12.0	Fail	2%
180	0.67041	4.9	10.0	54.0	38.0	14.9	Fail	5%
181	0.58693	6.5	9.3	81.0	46.0	15.8	Fail	14%
182	0.93454	6.6	9.1	57.0	62.0	15.7	Pass	31%
183	0.93871	6.3	10.0	61.0	62.0	16.3	Pass	31%
184	0.56145	7.4	8.0	46.0	52.0	15.4	Pass	21%
185	0.37518	3.2	6.4	43.0	35.0	9.600000000000001	Fail	2%
186	0.2679	2.0	6.8	47.0	34.0	8.8	Fail	1%
187	0.67271	4.3	9.8	67.0	33.0	14.100000000000001	Fail	0%
188	0.55008	5.3	8.1	74.0	37.0	13.399999999999999	Fail	4%
189	0.19297	6.9	7.8	50.0	46.0	14.7	Fail	14%
190	0.53167	6.2	8.2	66.0	44.0	14.399999999999999	Fail	12%
191	0.89883	7.7	8.3	64.0	63.0	16.0	Pass	31%
192	0.60975	5.3	8.8	51.0	39.0	14.100000000000001	Fail	6%
193	0.40513	1.5	8.3	43.0	34.0	9.8	Fail	1%
194	0.69322	3.6	9.5	68.0	33.0	13.1	Fail	0%
195	0.96483	3.9	7.1	84.0	47.0	11.0	Fail	15%
196	0.26443	3.5	10.0	47.0	34.0	13.5	Fail	1%
197	0.38012	2.5	7.1	42.0	33.0	9.6	Fail	0%
198	0.5589	3.8	5.9	58.0	34.0	9.7	Fail	1%
199	0.475	2.5	9.7	52.0	34.0	12.2	Fail	1%
200	0.76948	3.6	6.6	55.0	35.0	10.2	Fail	2%
201	0.87074	3.0	9.7	46.0	38.0	12.7	Fail	5%
202	0.45348	2.6	8.6	59.0	33.0	11.2	Fail	0%
203	0.4209	3.2	8.2	47.0	35.0	11.399999999999999	Fail	2%
204	0.84957	1.7	9.4	52.0	34.0	11.1	Fail	1%
205	0.37758	3.9	9.8	71.0	34.0	13.700000000000001	Fail	1%
206	0.71147	6.1	7.3	57.0	44.0	13.399999999999999	Fail	12%
207	0.6089	5.5	7.5	61.0	38.0	13.0	Fail	5%
208	0.49266	3.3	9.0	56.0	35.0	12.3	Fail	2%
209	0.58595	9.3	6.8	59.0	62.0	16.1	Pass	31%
210	0.27783	4.5	9.1	62.0	32.0	13.6	Fail	0%
211	0.48764	1.5	6.6	44.0	34.0	8.1	Fail	1%
212	0.55153	3.6	6.8	65.0	33.0	10.4	Fail	0%
213	0.33475	3.4	9.1	61.0	34.0	12.5	Fail	1%
214	0.88105	5.3	8.7	47.0	50.0	14.0	Pass	19%
215	0.67982	4.1	7.6	75.0	34.0	11.7	Fail	1%
216	0.11831	3.6	9.3	72.0	33.0	12.9	Fail	0%
217	0.75217	7.3	6.2	79.0	50.0	13.5	Pass	19%
218	0.132	10.0	6.2	48.0	66.0	16.2	Pass	33%
219	0.88537	3.2	8.7	55.0	36.0	11.899999999999999	Fail	3%
220	0.4351	7.4	7.7	76.0	51.0	15.100000000000001	Pass	20%
221	0.38645	6.3	7.8	58.0	45.0	14.1	Fail	13%
222	0.24784	8.4	5.4	86.0	57.0	13.8	Pass	26%
223	0.86138	9.7	6.1	89.0	67.0	15.799999999999999	Pass	33%
224	0.86746	6.5	8.8	40.0	59.0	15.3	Pass	28%
225	0.11581	3.2	8.2	54.0	34.0	11.399999999999999	Fail	1%
226	0.65729	1.3	9.5	42.0	33.0	10.8	Fail	0%
227	0.51212	3.5	9.0	57.0	33.0	12.5	Fail	0%
228	0.61045	3.6	7.4	71.0	34.0	11.0	Fail	1%
229	0.67101	5.0	5.9	61.0	36.0	10.9	Fail	3%
230	0.78765	4.2	5.9	56.0	34.0	10.100000000000001	Fail	1%
231	0.17543	1.8	9.1	41.0	34.0	10.9	Fail	1%
232	0.24464	3.6	8.5	58.0	34.0	12.1	Fail	1%
233	0.75988	7.6	8.6	46.0	59.0	16.2	Pass	28%
234	0.48823	1.4	9.3	42.0	34.0	10.700000000000001	Fail	1%
235	0.37775	4.2	8.9	62.0	36.0	13.100000000000001	Fail	3%
236	0.26665	6.9	8.1	57.0	47.0	15.0	Fail	15%
237	0.66422	7.2	6.4	48.0	51.0	13.600000000000001	Pass	20%
238	0.15744	3.6	7.9	52.0	35.0	11.5	Fail	2%
239	0.39732	0.9	8.6	46.0	33.0	9.5	Fail	0%
240	0.30803	6.6	5.1	59.0	47.0	11.7	Fail	15%
241	0.14946	6.4	8.2	72.0	45.0	14.6	Fail	13%
242	0.25895	4.1	7.7	58.0	36.0	11.8	Fail	3%
243	0.59385	3.6	9.6	67.0	33.0	13.2	Fail	0%
244	0.14127	3.9	9.1	60.0	33.0	13.0	Fail	0%
245	0.98926	5.8	10.0	68.0	64.0	15.8	Pass	32%
246	0.69295	2.0	9.2	54.0	34.0	11.2	Fail	1%
247	0.42887	1.0	8.2	48.0	34.0	9.2	Fail	1%
248	0.52339	4.4	7.5	69.0	34.0	11.9	Fail	1%
249	0.3399	3.4	6.2	49.0	34.0	9.6	Fail	1%
250	0.41039	5.2	7.4	66.0	38.0	12.600000000000001	Fail	5%
251	0.68414	6.0	8.8	49.0	46.0	14.8	Fail	14%
252	0.89453	1.2	7.8	57.0	35.0	9.0	Fail	2%
253	0.26572	2.0	8.8	58.0	35.0	10.8	Fail	2%
254	0.85633	6.0	8.4	58.0	51.0	14.4	Pass	20%
255	0.29349	3.7	9.8	66.0	34.0	13.5	Fail	1%
256	0.13346	3.7	9.3	66.0	33.0	13.0	Fail	0%
257	0.22673	3.9	8.8	58.0	33.0	12.700000000000001	Fail	0%
258	0.92557	3.8	9.8	47.0	47.0	13.600000000000001	Fail	15%
259	0.51349	4.8	9.9	63.0	35.0	14.7	Fail	2%
260	0.1699	3.7	6.1	66.0	33.0	9.8	Fail	0%
261	0.96375	3.2	5.2	47.0	43.0	8.4	Fail	11%
262	0.89109	3.6	9.5	63.0	39.0	13.1	Fail	6%
263	0.77921	3.7	9.0	57.0	35.0	12.7	Fail	2%
264	0.94013	4.9	9.8	70.0	53.0	14.700000000000001	Pass	22%
265	0.29812	3.8	9.5	61.0	34.0	13.3	Fail	1%
266	0.85273	3.9	9.0	55.0	41.0	12.9	Fail	9%
267	0.88278	9.2	5.2	45.0	70.0	14.399999999999999	Pass	34%
268	0.81722	4.8	6.3	58.0	37.0	11.1	Fail	4%
269	0.41185	3.7	7.2	67.0	34.0	10.9	Fail	1%
270	0.79696	6.1	8.3	63.0	48.0	14.4	Fail	17%
271	0.33621	3.2	8.0	55.0	35.0	11.2	Fail	2%
272	0.39573	3.5	9.5	57.0	33.0	13.0	Fail	0%
273	0.19712	7.3	8.6	65.0	50.0	15.899999999999999	Pass	19%
274	0.94157	7.1	9.2	68.0	66.0	16.299999999999997	Pass	33%
275	0.3619	4.2	8.2	83.0	34.0	12.399999999999999	Fail	1%
276	0.56856	2.4	7.1	41.0	32.0	9.5	Fail	0%
277	0.96394	2.0	9.5	48.0	40.0	11.5	Fail	8%
278	0.40154	4.0	10.0	79.0	33.0	14.0	Fail	0%
279	0.80069	4.1	6.2	57.0	34.0	10.3	Fail	1%
280	0.86987	2.1	9.0	48.0	33.0	11.1	Fail	0%
281	0.49205	1.0	8.5	52.0	32.0	9.5	Fail	0%
282	0.44035	6.9	9.0	70.0	48.0	15.9	Fail	17%
283	0.77297	6.6	9.7	61.0	51.0	16.299999999999997	Pass	20%
284	0.30441	4.5	8.6	65.0	34.0	13.1	Fail	1%
285	0.89948	3.5	9.8	69.0	40.0	13.3	Fail	8%
286	0.44882	3.6	5.3	63.0	34.0	8.9	Fail	1%
287	0.61861	6.4	9.5	56.0	47.0	15.9	Fail	15%
288	0.84829	4.3	6.8	66.0	37.0	11.1	Fail	4%
289	0.26956	3.2	8.5	49.0	35.0	11.7	Fail	2%
290	0.63655	3.6	9.7	52.0	33.0	13.299999999999999	Fail	0%
291	0.90401	3.8	8.0	58.0	41.0	11.8	Fail	9%
292	0.25477	2.1	8.7	49.0	34.0	10.799999999999999	Fail	1%
293	0.47861	5.1	9.4	46.0	36.0	14.5	Fail	3%
294	0.11731	5.6	8.5	75.0	40.0	14.1	Fail	8%
295	0.20098	9.7	7.1	90.0	64.0	16.799999999999997	Pass	32%
296	0.99151	3.6	8.8	66.0	52.0	12.4	Pass	21%
297	0.97799	1.1	9.5	47.0	37.0	10.6	Fail	4%
298	0.26428	4.5	9.0	63.0	35.0	13.5	Fail	2%
299	0.77758	0.8	7.4	54.0	34.0	8.200000000000001	Fail	1%
300	0.692	3.7	5.3	62.0	35.0	9.0	Fail	2%
301	0.62301	5.1	6.3	56.0	38.0	11.399999999999999	Fail	5%
302	0.31145	1.8	9.9	46.0	33.0	11.700000000000001	Fail	0%
303	0.63635	3.8	7.9	73.0	35.0	11.7	Fail	2%
304	0.32549	3.6	8.6	46.0	33.0	12.2	Fail	0%
305	0.18274	4.0	9.6	61.0	33.0	13.6	Fail	0%
306	0.71734	4.4	9.1	64.0	36.0	13.5	Fail	3%
307	0.48607	3.7	9.3	57.0	34.0	13.0	Fail	1%
308	0.87831	3.8	5.4	51.0	36.0	9.2	Fail	3%
309	0.7252	5.6	5.6	77.0	39.0	11.2	Fail	6%
310	0.10729	3.1	9.2	64.0	35.0	12.299999999999999	Fail	2%
311	0.65504	3.4	6.4	41.0	34.0	9.8	Fail	1%
312	0.18435	5.6	5.2	52.0	40.0	10.8	Fail	8%
313	0.80284	3.7	9.7	75.0	33.0	13.399999999999999	Fail	0%
314	0.99236	3.7	8.0	46.0	53.0	11.7	Pass	22%
315	0.57808	4.8	9.2	57.0	35.0	14.0	Fail	2%
316	0.7145	3.6	7.7	53.0	34.0	11.3	Fail	1%
317	0.25068	3.3	7.8	40.0	33.0	11.1	Fail	0%
318	0.33898	3.3	9.7	40.0	34.0	13.0	Fail	1%
319	0.74102	5.7	7.1	56.0	41.0	12.8	Fail	9%
320	0.4383	3.8	6.7	58.0	34.0	10.5	Fail	1%
321	0.93496	3.6	9.5	68.0	44.0	13.1	Fail	12%
322	0.43372	3.7	8.1	68.0	34.0	11.8	Fail	1%
323	0.73806	6.6	9.0	66.0	48.0	15.6	Fail	17%
324	0.30339	3.6	8.2	66.0	33.0	11.799999999999999	Fail	0%
325	0.69077	3.4	6.6	54.0	35.0	10.0	Fail	2%
326	0.2478	4.0	8.4	49.0	35.0	12.4	Fail	2%
327	0.20891	6.3	9.7	78.0	44.0	16.0	Fail	12%
328	0.93699	6.1	8.5	57.0	59.0	14.6	Pass	28%
329	0.39939	3.6	9.1	61.0	35.0	12.7	Fail	2%
330	0.54546	3.5	9.6	53.0	34.0	13.1	Fail	1%
331	0.95116	5.8	9.0	53.0	61.0	14.8	Pass	30%
332	0.77282	3.0	8.2	43.0	35.0	11.2	Fail	2%
333	0.14172	3.8	9.4	47.0	33.0	13.2	Fail	0%
334	0.52029	5.8	8.5	51.0	42.0	14.3	Fail	10%
335	0.34285	8.1	8.2	70.0	54.0	16.299999999999997	Pass	23%
336	0.21627	3.3	9.3	55.0	34.0	12.600000000000001	Fail	1%
337	0.87523	2.1	5.1	43.0	35.0	7.199999999999999	Fail	2%
338	0.84802	5.2	8.5	48.0	47.0	13.7	Fail	15%
339	0.1749	3.9	8.7	42.0	34.0	12.6	Fail	1%
340	0.92373	6.2	6.9	71.0	55.0	13.100000000000001	Pass	24%
341	0.46384	4.2	8.5	53.0	35.0	12.7	Fail	2%
342	0.45431	3.5	9.2	72.0	32.0	12.7	Fail	0%
343	0.37248	2.6	6.5	49.0	33.0	9.1	Fail	0%
344	0.5146	3.7	6.9	66.0	34.0	10.600000000000001	Fail	1%
345	0.32658	3.5	5.9	66.0	32.0	9.4	Fail	0%
346	0.43737	5.7	9.8	54.0	40.0	15.5	Fail	8%
347	0.81995	3.6	5.7	79.0	34.0	9.3	Fail	1%
348	0.85083	6.1	7.0	60.0	48.0	13.1	Fail	17%
349	0.37376	4.0	8.2	63.0	33.0	12.2	Fail	0%
350	0.88644	4.5	9.4	51.0	47.0	13.9	Fail	15%
351	0.14741	8.2	6.1	90.0	54.0	14.299999999999999	Pass	23%
352	0.90023	8.0	5.5	84.0	59.0	13.5	Pass	28%
353	0.59765	3.2	9.6	52.0	35.0	12.8	Fail	2%
354	0.19141	4.7	9.9	57.0	34.0	14.600000000000001	Fail	1%
355	0.82264	4.8	9.7	76.0	41.0	14.5	Fail	9%
356	0.45967	5.5	9.0	80.0	40.0	14.5	Fail	8%
357	0.27002	3.4	7.5	48.0	33.0	10.9	Fail	0%
358	0.78309	3.8	8.5	68.0	34.0	12.3	Fail	1%
359	0.56329	5.1	8.7	79.0	37.0	13.799999999999999	Fail	4%
360	0.42078	3.9	8.4	69.0	33.0	12.3	Fail	0%
361	0.64097	7.1	6.2	59.0	48.0	13.3	Fail	17%
362	0.46419	3.6	9.1	77.0	33.0	12.7	Fail	0%
363	0.48614	4.0	5.8	65.0	34.0	9.8	Fail	1%
364	0.51029	3.4	10.0	43.0	32.0	13.4	Fail	0%
365	0.86541	3.9	9.1	54.0	41.0	13.0	Fail	9%
366	0.23071	3.1	6.8	41.0	34.0	9.9	Fail	1%
367	0.94017	6.9	9.1	49.0	65.0	16.0	Pass	32%
368	0.58405	3.5	9.9	55.0	35.0	13.4	Fail	2%
369	0.80265	0.8	8.0	41.0	34.0	8.8	Fail	1%
370	0.38322	7.7	5.3	63.0	52.0	13.0	Pass	21%
371	0.53372	8.3	6.1	68.0	56.0	14.4	Pass	25%
372	0.23837	7.7	8.8	63.0	53.0	16.5	Pass	22%
373	0.2199	3.7	9.3	62.0	35.0	13.0	Fail	2%
374	0.28384	7.0	8.4	59.0	48.0	15.4	Fail	17%
375	0.79004	7.8	9.0	47.0	61.0	16.8	Pass	30%
376	0.36584	4.1	10.0	69.0	35.0	14.1	Fail	2%
377	0.11925	6.5	8.5	67.0	46.0	15.0	Fail	14%
378	0.25274	3.5	5.4	67.0	34.0	8.9	Fail	1%
379	0.1086	3.3	9.1	44.0	33.0	12.399999999999999	Fail	0%
380	0.31342	4.5	7.6	47.0	34.0	12.1	Fail	1%
381	0.31153	4.4	5.9	51.0	34.0	10.3	Fail	1%
382	0.4798	1.3	7.1	51.0	35.0	8.4	Fail	2%
383	0.92835	4.0	6.5	63.0	44.0	10.5	Fail	12%
384	0.46981	9.7	5.0	70.0	63.0	14.7	Pass	31%
385	0.9453	3.4	5.1	51.0	41.0	8.5	Fail	9%
386	0.26803	1.4	8.8	50.0	33.0	10.200000000000001	Fail	0%
387	0.27856	5.6	9.8	47.0	39.0	15.4	Fail	6%
388	0.52521	8.3	6.2	83.0	56.0	14.5	Pass	25%
389	0.54245	3.7	8.5	51.0	35.0	12.2	Fail	2%
390	0.44034	3.5	8.3	56.0	34.0	11.8	Fail	1%
391	0.71536	3.4	6.7	60.0	35.0	10.1	Fail	2%
392	0.89973	4.0	7.1	70.0	38.0	11.1	Fail	5%
393	0.39346	4.4	7.6	43.0	34.0	12.0	Fail	1%
394	0.2202	9.1	5.0	65.0	62.0	14.1	Pass	31%
395	0.54035	3.6	8.2	74.0	34.0	11.799999999999999	Fail	1%
396	0.77205	5.1	9.4	62.0	42.0	14.5	Fail	10%
397	0.19887	2.9	5.4	42.0	33.0	8.3	Fail	0%
398	0.48222	6.6	9.3	81.0	46.0	15.9	Fail	14%
399	0.11601	3.9	9.9	62.0	35.0	13.8	Fail	2%
400	0.1302	6.2	8.5	53.0	42.0	14.7	Fail	10%
401	0.53466	4.1	6.6	57.0	34.0	10.7	Fail	1%
402	0.36838	3.6	7.8	49.0	35.0	11.4	Fail	2%
403	0.8606	1.9	9.5	53.0	32.0	11.4	Fail	0%
404	0.50854	5.4	8.9	71.0	39.0	14.3	Fail	6%
405	0.46714	3.4	5.5	52.0	35.0	8.9	Fail	2%
406	0.54752	6.0	8.4	56.0	42.0	14.4	Fail	10%
407	0.13639	3.8	7.0	51.0	33.0	10.8	Fail	0%
408	0.99847	3.7	8.1	51.0	54.0	11.8	Pass	23%
409	0.26334	3.3	5.9	42.0	34.0	9.2	Fail	1%
410	0.20834	4.1	9.0	71.0	35.0	13.1	Fail	2%
411	0.22922	3.7	7.2	58.0	35.0	10.9	Fail	2%
412	0.69492	8.2	8.5	83.0	58.0	16.7	Pass	27%
413	0.86313	3.5	9.9	48.0	39.0	13.4	Fail	6%
414	0.65157	3.3	5.5	45.0	35.0	8.8	Fail	2%
415	0.71946	3.3	8.6	50.0	33.0	11.899999999999999	Fail	0%
416	0.56146	3.4	9.8	44.0	34.0	13.200000000000001	Fail	1%
417	0.68059	3.7	9.0	49.0	34.0	12.7	Fail	1%
418	0.60173	3.0	8.0	45.0	35.0	11.0	Fail	2%
419	0.67955	3.7	6.8	61.0	34.0	10.5	Fail	1%
420	0.74728	2.9	7.7	58.0	33.0	10.6	Fail	0%
421	0.67852	5.5	5.4	51.0	39.0	10.9	Fail	6%
422	0.56777	3.0	5.7	58.0	34.0	8.7	Fail	1%
423	0.71362	3.2	9.1	40.0	33.0	12.3	Fail	0%
424	0.50453	7.1	9.6	42.0	50.0	16.7	Pass	19%
425	0.10128	3.8	9.7	70.0	35.0	13.5	Fail	2%
426	0.97484	3.6	8.1	58.0	50.0	11.7	Pass	19%
427	0.42533	3.6	8.4	51.0	33.0	12.0	Fail	0%
428	0.45472	2.0	9.4	45.0	34.0	11.4	Fail	1%
429	0.28162	3.5	5.8	68.0	36.0	9.3	Fail	3%
430	0.32471	3.6	8.7	68.0	35.0	12.299999999999999	Fail	2%
431	0.64801	3.8	5.5	51.0	33.0	9.3	Fail	0%
432	0.719	3.8	7.0	49.0	34.0	10.8	Fail	1%
433	0.88872	9.0	7.8	87.0	67.0	16.8	Pass	33%
434	0.49942	4.3	9.0	63.0	33.0	13.3	Fail	0%
435	0.35642	3.9	5.8	53.0	33.0	9.7	Fail	0%
436	0.90641	1.6	9.5	40.0	34.0	11.1	Fail	1%
437	0.87541	7.0	8.5	75.0	56.0	15.5	Pass	25%
438	0.18099	6.6	8.8	65.0	47.0	15.4	Fail	15%
439	0.35789	7.3	8.2	59.0	50.0	15.5	Pass	19%
440	0.60266	2.4	7.6	47.0	34.0	10.0	Fail	1%
441	0.43594	3.9	9.2	68.0	34.0	13.1	Fail	1%
442	0.38371	3.6	7.9	83.0	35.0	11.5	Fail	2%
443	0.9471	3.9	5.6	66.0	44.0	9.5	Fail	12%
444	0.86457	3.8	7.4	67.0	37.0	11.2	Fail	4%
445	0.8593	3.4	8.8	52.0	36.0	12.200000000000001	Fail	3%
446	0.56106	3.2	9.6	40.0	35.0	12.8	Fail	2%
447	0.81049	3.6	7.4	68.0	33.0	11.0	Fail	0%
448	0.26142	3.8	9.8	67.0	33.0	13.600000000000001	Fail	0%
449	0.6159	2.9	6.3	45.0	34.0	9.2	Fail	1%
450	0.98546	4.2	7.1	57.0	55.0	11.3	Pass	24%
451	0.81492	5.5	9.8	54.0	47.0	15.3	Fail	15%
452	0.54143	4.6	8.5	60.0	34.0	13.1	Fail	1%
453	0.13583	5.1	9.6	48.0	37.0	14.7	Fail	4%
454	0.25171	4.1	9.3	57.0	33.0	13.4	Fail	0%
455	0.66833	4.1	6.6	51.0	34.0	10.7	Fail	1%
456	0.95218	7.9	8.4	58.0	72.0	16.3	Pass	34%
457	0.36255	3.6	8.8	64.0	35.0	12.4	Fail	2%
458	0.30382	4.1	6.4	69.0	34.0	10.5	Fail	1%
459	0.21622	3.9	6.6	55.0	34.0	10.5	Fail	1%
460	0.9514	2.9	8.3	53.0	42.0	11.200000000000001	Fail	10%
461	0.74071	6.9	6.5	69.0	50.0	13.4	Pass	19%
462	0.76749	3.5	7.9	65.0	34.0	11.4	Fail	1%
463	0.54946	8.9	7.2	83.0	61.0	16.1	Pass	30%
464	0.52726	2.8	6.8	43.0	34.0	9.6	Fail	1%
465	0.19902	3.7	8.6	72.0	34.0	12.3	Fail	1%
466	0.60386	3.5	9.4	72.0	33.0	12.9	Fail	0%
467	0.32222	3.3	8.8	53.0	33.0	12.100000000000001	Fail	0%
468	0.97943	3.1	8.7	40.0	48.0	11.799999999999999	Fail	17%
469	0.81692	3.7	8.9	66.0	34.0	12.600000000000001	Fail	1%
470	0.47169	3.6	5.7	73.0	34.0	9.3	Fail	1%
471	0.8068	3.8	8.6	57.0	35.0	12.399999999999999	Fail	2%
472	0.20985	4.6	9.2	60.0	35.0	13.799999999999999	Fail	2%
473	0.2704	3.8	6.3	69.0	34.0	10.1	Fail	1%
474	0.29037	2.6	8.0	49.0	36.0	10.6	Fail	3%
475	0.80835	3.5	9.3	45.0	36.0	12.8	Fail	3%
476	0.38288	3.5	9.3	62.0	34.0	12.8	Fail	1%
477	0.7733	5.7	7.8	47.0	44.0	13.5	Fail	12%
478	0.2995	3.2	9.3	43.0	34.0	12.5	Fail	1%
479	0.29793	3.8	8.5	74.0	35.0	12.3	Fail	2%
480	0.9525	2.9	9.3	40.0	45.0	12.200000000000001	Fail	13%
481	0.95874	4.2	8.8	62.0	50.0	13.0	Pass	19%
482	0.99142	3.8	8.4	72.0	52.0	12.2	Pass	21%
483	0.26937	1.9	8.9	45.0	34.0	10.8	Fail	1%
484	0.4062	5.4	7.9	66.0	40.0	13.3	Fail	8%
485	0.38632	3.5	5.5	55.0	35.0	9.0	Fail	2%
486	0.96087	3.6	9.6	52.0	50.0	13.2	Pass	19%
487	0.81017	6.4	8.3	61.0	49.0	14.700000000000001	Fail	18%
488	0.75161	0.8	9.4	56.0	33.0	10.200000000000001	Fail	0%
489	0.26737	3.4	9.0	49.0	34.0	12.4	Fail	1%
490	0.91857	4.0	9.2	55.0	46.0	13.2	Fail	14%
491	0.84508	5.5	8.9	47.0	50.0	14.4	Pass	19%
492	0.24728	3.7	8.2	43.0	35.0	11.899999999999999	Fail	2%
493	0.88405	3.7	6.9	73.0	34.0	10.600000000000001	Fail	1%
494	0.34502	3.9	9.7	50.0	35.0	13.6	Fail	2%
495	0.17278	7.7	6.6	57.0	52.0	14.3	Pass	21%
496	0.69114	5.7	9.2	73.0	42.0	14.899999999999999	Fail	10%
497	0.68842	4.0	9.3	44.0	34.0	13.3	Fail	1%
498	0.18544	3.2	6.9	55.0	33.0	10.100000000000001	Fail	0%
499	0.99353	3.9	8.9	49.0	54.0	12.8	Pass	23%
500	0.29163	3.4	9.2	44.0	35.0	12.6	Fail	2%
501	0.34921	3.5	9.4	41.0	35.0	12.9	Fail	2%
502	0.32401	8.0	7.9	76.0	54.0	15.9	Pass	23%
503	0.31109	5.6	6.2	46.0	40.0	11.8	Fail	8%
504	0.27348	4.0	9.4	62.0	35.0	13.4	Fail	2%
505	0.61728	4.3	9.0	48.0	33.0	13.3	Fail	0%
506	0.83831	3.5	8.8	42.0	38.0	12.3	Fail	5%
507	0.26555	6.9	5.4	58.0	46.0	12.3	Fail	14%
508	0.11229	4.1	8.5	67.0	35.0	12.6	Fail	2%
509	0.81153	3.9	9.7	62.0	36.0	13.6	Fail	3%
510	0.5411	5.1	8.9	57.0	38.0	14.0	Fail	5%
511	0.17793	4.5	9.1	50.0	33.0	13.6	Fail	0%
512	0.6332	3.5	8.3	43.0	32.0	11.8	Fail	0%
513	0.78289	3.0	6.7	52.0	33.0	9.7	Fail	0%
514	0.83279	3.4	9.6	42.0	40.0	13.0	Fail	8%
515	0.79142	3.8	9.0	47.0	35.0	12.8	Fail	2%
516	0.82269	5.1	8.3	53.0	45.0	13.4	Fail	13%
517	0.89139	1.5	9.7	52.0	35.0	11.2	Fail	2%
518	0.94391	9.7	6.8	81.0	76.0	16.5	Pass	34%
519	0.46497	3.8	8.3	41.0	34.0	12.100000000000001	Fail	1%
520	0.72743	5.7	8.0	69.0	41.0	13.7	Fail	9%
521	0.11231	3.0	9.7	44.0	33.0	12.7	Fail	0%
522	0.41962	4.2	5.9	73.0	34.0	10.100000000000001	Fail	1%
523	0.35293	3.1	8.0	59.0	34.0	11.1	Fail	1%
524	0.33608	2.7	9.1	43.0	34.0	11.8	Fail	1%
525	0.30028	2.0	9.2	45.0	34.0	11.2	Fail	1%
526	0.76745	6.0	9.3	54.0	47.0	15.3	Fail	15%
527	0.32755	6.7	6.9	75.0	45.0	13.600000000000001	Fail	13%
528	0.66597	3.5	8.6	62.0	36.0	12.1	Fail	3%
529	0.78595	7.0	9.1	61.0	53.0	16.1	Pass	22%
530	0.88884	3.2	6.3	50.0	35.0	9.5	Fail	2%
531	0.86693	3.2	5.4	40.0	34.0	8.600000000000001	Fail	1%
532	0.96839	3.9	5.0	50.0	50.0	8.9	Pass	19%
533	0.62325	3.5	7.2	55.0	33.0	10.7	Fail	0%
534	0.91779	5.3	9.5	54.0	54.0	14.8	Pass	23%
535	0.11046	1.4	6.4	46.0	33.0	7.800000000000001	Fail	0%
536	0.96931	3.1	6.4	58.0	44.0	9.5	Fail	12%
537	0.52618	3.0	5.7	62.0	34.0	8.7	Fail	1%
538	0.81836	3.7	5.9	58.0	35.0	9.600000000000001	Fail	2%
539	0.21448	4.8	8.5	52.0	35.0	13.3	Fail	2%
540	0.36249	5.8	10.0	56.0	40.0	15.8	Fail	8%
541	0.21093	2.8	8.5	51.0	34.0	11.3	Fail	1%
542	0.82519	3.6	9.5	53.0	38.0	13.1	Fail	5%
543	0.10832	7.0	8.6	75.0	48.0	15.6	Fail	17%
544	0.63014	3.9	9.5	58.0	35.0	13.4	Fail	2%
545	0.32883	5.2	6.0	55.0	36.0	11.2	Fail	3%
546	0.3331	5.9	8.8	66.0	42.0	14.700000000000001	Fail	10%
547	0.5395	3.6	6.3	59.0	33.0	9.9	Fail	0%
548	0.68742	3.1	9.4	46.0	36.0	12.5	Fail	3%
549	0.25796	4.9	10.0	53.0	35.0	14.9	Fail	2%
550	0.97637	1.2	8.7	60.0	35.0	9.899999999999999	Fail	2%
551	0.63909	4.0	7.7	40.0	34.0	11.7	Fail	1%
552	0.31739	3.6	8.6	55.0	33.0	12.2	Fail	0%
553	0.54141	3.9	9.7	61.0	35.0	13.6	Fail	2%
554	0.16671	2.8	9.9	58.0	35.0	12.7	Fail	2%
555	0.71884	3.6	9.5	72.0	35.0	13.1	Fail	2%
556	0.99361	9.9	6.6	57.0	91.0	16.5	Pass	34%
557	0.84838	6.3	8.4	81.0	49.0	14.7	Fail	18%
558	0.5172	1.4	9.9	42.0	34.0	11.3	Fail	1%
559	0.76374	6.4	6.5	51.0	48.0	12.9	Fail	17%
560	0.56089	2.5	7.7	42.0	35.0	10.2	Fail	2%
561	0.35115	8.1	8.2	92.0	53.0	16.299999999999997	Pass	22%
562	0.24505	3.9	8.4	72.0	34.0	12.3	Fail	1%
563	0.48365	9.5	6.0	74.0	63.0	15.5	Pass	31%
564	0.72909	5.4	7.2	68.0	40.0	12.600000000000001	Fail	8%
565	0.23174	2.3	7.2	62.0	34.0	9.5	Fail	1%
566	0.22579	5.1	8.9	56.0	37.0	14.0	Fail	4%
567	0.62507	3.7	6.6	51.0	34.0	10.3	Fail	1%
568	0.98651	3.2	9.7	44.0	48.0	12.899999999999999	Fail	17%
569	0.18663	6.6	5.2	53.0	45.0	11.8	Fail	13%
570	0.35716	3.8	8.0	65.0	34.0	11.8	Fail	1%
571	0.16504	6.2	7.5	56.0	43.0	13.7	Fail	11%
572	0.8883	7.9	5.7	79.0	58.0	13.600000000000001	Pass	27%
573	0.57186	5.3	6.2	56.0	37.0	11.5	Fail	4%
574	0.37871	3.0	9.1	52.0	34.0	12.1	Fail	1%
575	0.89632	3.2	9.0	46.0	40.0	12.2	Fail	8%
576	0.75142	3.8	10.0	69.0	33.0	13.8	Fail	0%
577	0.70275	2.6	9.9	52.0	33.0	12.5	Fail	0%
578	0.81887	3.8	6.1	53.0	36.0	9.899999999999999	Fail	3%
579	0.65624	3.7	6.0	55.0	34.0	9.7	Fail	1%
580	0.8042	4.7	9.5	72.0	40.0	14.2	Fail	8%
581	0.67886	3.5	9.7	63.0	34.0	13.2	Fail	1%
582	0.89399	6.9	5.5	62.0	55.0	12.4	Pass	24%
583	0.15996	3.3	9.8	50.0	34.0	13.100000000000001	Fail	1%
584	0.56445	4.4	9.5	66.0	34.0	13.9	Fail	1%
585	0.53705	7.5	8.3	71.0	52.0	15.8	Pass	21%
586	0.51957	4.3	9.9	46.0	35.0	14.2	Fail	2%
587	0.19315	7.6	5.8	64.0	50.0	13.399999999999999	Pass	19%
588	0.32816	3.9	8.2	61.0	35.0	12.1	Fail	2%
589	0.70295	3.6	9.8	45.0	33.0	13.4	Fail	0%
590	0.1121	3.8	8.3	77.0	34.0	12.100000000000001	Fail	1%
591	0.28416	3.9	7.0	65.0	35.0	10.9	Fail	2%
592	0.71455	3.0	8.9	54.0	33.0	11.9	Fail	0%
593	0.78796	6.1	8.1	69.0	46.0	14.2	Fail	14%
594	0.85587	4.2	8.2	60.0	40.0	12.399999999999999	Fail	8%
595	0.36296	3.6	6.2	47.0	33.0	9.8	Fail	0%
596	0.59765	3.2	9.5	56.0	34.0	12.7	Fail	1%
597	0.83227	3.2	8.2	45.0	35.0	11.399999999999999	Fail	2%
598	0.65674	8.8	5.4	98.0	58.0	14.200000000000001	Pass	27%
599	0.85433	3.3	9.7	50.0	36.0	13.0	Fail	3%
600	0.43929	6.1	8.1	42.0	44.0	14.2	Fail	12%
601	0.92966	5.0	8.9	57.0	53.0	13.9	Pass	22%
602	0.13263	6.1	6.4	83.0	43.0	12.5	Fail	11%
603	0.87052	3.6	8.8	64.0	37.0	12.4	Fail	4%
604	0.30774	3.8	8.4	64.0	34.0	12.2	Fail	1%
605	0.86386	3.4	7.8	44.0	38.0	11.2	Fail	5%
606	0.22528	4.0	9.8	64.0	33.0	13.8	Fail	0%
607	0.8993	4.0	8.1	58.0	42.0	12.1	Fail	10%
608	0.77191	4.7	8.6	73.0	36.0	13.3	Fail	3%
609	0.8242	3.9	9.8	60.0	38.0	13.700000000000001	Fail	5%
610	0.9328	5.3	5.9	64.0	50.0	11.2	Pass	19%
611	0.25581	3.6	9.5	48.0	35.0	13.1	Fail	2%
612	0.32181	3.4	9.5	45.0	34.0	12.9	Fail	1%
613	0.60215	3.2	6.6	45.0	34.0	9.8	Fail	1%
614	0.26645	3.1	8.9	46.0	34.0	12.0	Fail	1%
615	0.13504	1.2	9.7	45.0	33.0	10.899999999999999	Fail	0%
616	0.13239	4.2	9.7	61.0	34.0	13.899999999999999	Fail	1%
617	0.84841	5.4	8.4	67.0	47.0	13.8	Fail	15%
618	0.42228	3.8	8.2	61.0	34.0	12.0	Fail	1%
619	0.90481	3.8	7.4	50.0	42.0	11.2	Fail	10%
620	0.16318	3.8	9.0	72.0	36.0	12.8	Fail	3%
621	0.26512	6.9	8.6	45.0	47.0	15.5	Fail	15%
622	0.71116	2.2	9.1	50.0	35.0	11.3	Fail	2%
623	0.78704	3.9	9.9	66.0	34.0	13.8	Fail	1%
624	0.48641	3.7	9.4	66.0	35.0	13.100000000000001	Fail	2%
625	0.35095	3.0	7.1	42.0	34.0	10.1	Fail	1%
626	0.28979	3.7	6.0	64.0	35.0	9.7	Fail	2%
627	0.92587	4.6	9.1	55.0	50.0	13.7	Pass	19%
628	0.1703	5.6	6.4	78.0	40.0	12.0	Fail	8%
629	0.48467	1.5	7.9	44.0	34.0	9.4	Fail	1%
630	0.57916	9.6	6.2	83.0	63.0	15.8	Pass	31%
631	0.90882	3.3	9.7	60.0	40.0	13.0	Fail	8%
632	0.80839	3.0	9.9	49.0	33.0	12.9	Fail	0%
633	0.96688	7.5	5.9	69.0	67.0	13.4	Pass	33%
634	0.17179	2.8	8.7	50.0	35.0	11.5	Fail	2%
635	0.46173	7.1	5.9	56.0	48.0	13.0	Fail	17%
636	0.68194	3.6	8.7	72.0	34.0	12.299999999999999	Fail	1%
637	0.34605	4.8	8.1	59.0	35.0	12.899999999999999	Fail	2%
638	0.94015	3.8	9.8	71.0	46.0	13.600000000000001	Fail	14%
639	0.13148	7.7	5.1	55.0	52.0	12.8	Pass	21%
640	0.79231	8.3	5.9	79.0	58.0	14.200000000000001	Pass	27%
641	0.75045	2.4	7.8	45.0	34.0	10.2	Fail	1%
642	0.96756	4.2	9.2	65.0	51.0	13.399999999999999	Pass	20%
643	0.93764	3.9	8.0	69.0	44.0	11.9	Fail	12%
644	0.78601	3.8	6.8	62.0	33.0	10.6	Fail	0%
645	0.28384	7.6	8.5	57.0	51.0	16.1	Pass	20%
646	0.59071	3.6	8.3	60.0	33.0	11.9	Fail	0%
647	0.78882	3.6	8.6	62.0	34.0	12.2	Fail	1%
648	0.9061	7.0	8.2	59.0	60.0	15.2	Pass	29%
649	0.81074	1.5	7.3	40.0	34.0	8.8	Fail	1%
650	0.27574	5.9	8.1	45.0	43.0	14.0	Fail	11%
651	0.63972	3.7	9.8	67.0	35.0	13.5	Fail	2%
652	0.39896	3.2	8.8	42.0	34.0	12.0	Fail	1%
653	0.10829	3.7	6.5	70.0	33.0	10.2	Fail	0%
654	0.2802	6.1	8.7	60.0	42.0	14.799999999999999	Fail	10%
655	0.2019	4.0	7.6	43.0	35.0	11.6	Fail	2%
656	0.35623	6.3	9.6	67.0	44.0	15.899999999999999	Fail	12%
657	0.44118	7.3	8.0	60.0	49.0	15.3	Fail	18%
658	0.10863	3.7	7.9	65.0	34.0	11.600000000000001	Fail	1%
659	0.20737	3.3	5.8	41.0	36.0	9.1	Fail	3%
660	0.19253	5.3	6.0	54.0	39.0	11.3	Fail	6%
661	0.16974	4.2	9.3	53.0	35.0	13.5	Fail	2%
662	0.63393	9.3	5.3	72.0	61.0	14.600000000000001	Pass	30%
663	0.42512	7.3	8.8	67.0	51.0	16.1	Pass	20%
664	0.87582	3.8	8.9	53.0	41.0	12.7	Fail	9%
665	0.4819	5.2	5.0	51.0	37.0	10.2	Fail	4%
666	0.54814	7.3	6.7	70.0	49.0	14.0	Fail	18%
667	0.45895	7.4	9.4	41.0	51.0	16.8	Pass	20%
668	0.77535	4.1	8.4	52.0	37.0	12.5	Fail	4%
669	0.16586	3.5	9.2	42.0	32.0	12.7	Fail	0%
670	0.53825	4.1	8.7	72.0	33.0	12.799999999999999	Fail	0%
671	0.81137	3.3	9.8	48.0	34.0	13.100000000000001	Fail	1%
672	0.44953	3.9	6.5	74.0	35.0	10.4	Fail	2%
673	0.63677	3.7	8.1	65.0	34.0	11.8	Fail	1%
674	0.55063	7.5	9.4	64.0	51.0	16.9	Pass	20%
675	0.98345	3.5	6.8	56.0	50.0	10.3	Pass	19%
676	0.92056	5.4	9.1	52.0	55.0	14.5	Pass	24%
677	0.32891	4.4	5.9	66.0	36.0	10.3	Fail	3%
678	0.33893	8.2	5.2	90.0	56.0	13.399999999999999	Pass	25%
679	0.28787	3.7	6.9	65.0	33.0	10.600000000000001	Fail	0%
680	0.83749	7.2	9.7	63.0	57.0	16.9	Pass	26%
681	0.41563	3.6	5.9	60.0	32.0	9.5	Fail	0%
682	0.29508	3.0	9.1	42.0	35.0	12.1	Fail	2%
683	0.62696	3.8	9.7	74.0	33.0	13.5	Fail	0%
684	0.41329	3.7	8.9	65.0	34.0	12.600000000000001	Fail	1%
685	0.69165	5.9	9.3	62.0	44.0	15.200000000000001	Fail	12%
686	0.15794	1.4	7.1	47.0	34.0	8.5	Fail	1%
687	0.1897	5.4	7.4	63.0	39.0	12.8	Fail	6%
688	0.47709	3.4	5.7	53.0	34.0	9.1	Fail	1%
689	0.83332	8.7	5.2	81.0	60.0	13.899999999999999	Pass	29%
690	0.32033	8.1	6.2	46.0	55.0	14.3	Pass	24%
691	0.61693	3.6	8.7	67.0	34.0	12.299999999999999	Fail	1%
692	0.79153	4.4	5.3	54.0	34.0	9.7	Fail	1%
693	0.35995	3.0	9.8	44.0	34.0	12.8	Fail	1%
694	0.46811	3.8	7.8	61.0	35.0	11.6	Fail	2%
695	0.23753	8.8	8.2	80.0	59.0	17.0	Pass	28%
696	0.66417	3.6	8.1	54.0	35.0	11.7	Fail	2%
697	0.16626	8.2	5.8	73.0	56.0	14.0	Pass	25%
698	0.40407	6.2	9.6	58.0	43.0	15.8	Fail	11%
699	0.17008	6.2	6.8	69.0	42.0	13.0	Fail	10%
700	0.11737	0.8	5.1	55.0	34.0	5.8999999999999995	Fail	1%
701	0.68809	3.6	8.7	69.0	34.0	12.299999999999999	Fail	1%
702	0.44597	1.2	8.3	45.0	34.0	9.5	Fail	1%
703	0.70538	3.6	8.6	63.0	33.0	12.2	Fail	0%
704	0.62982	3.3	9.0	49.0	33.0	12.3	Fail	0%
705	0.30115	3.5	6.4	61.0	32.0	9.9	Fail	0%
706	0.86249	3.5	5.8	70.0	35.0	9.3	Fail	2%
707	0.54275	6.4	9.0	66.0	43.0	15.4	Fail	11%
708	0.84028	4.0	9.6	56.0	39.0	13.6	Fail	6%
709	0.46541	3.8	8.4	69.0	33.0	12.2	Fail	0%
710	0.98622	4.3	8.0	61.0	55.0	12.3	Pass	24%
711	0.96936	3.8	8.7	55.0	50.0	12.5	Pass	19%
712	0.56289	3.4	7.8	42.0	33.0	11.2	Fail	0%
713	0.52632	3.5	9.5	50.0	34.0	13.0	Fail	1%
714	0.77991	7.2	9.7	69.0	53.0	16.9	Pass	22%
715	0.89226	3.9	9.0	64.0	41.0	12.9	Fail	9%
716	0.96773	1.4	7.9	46.0	36.0	9.3	Fail	3%
717	0.3921	4.3	7.6	73.0	36.0	11.899999999999999	Fail	3%
718	0.28958	6.7	10.0	49.0	46.0	16.7	Fail	14%
719	0.59102	4.0	7.1	73.0	34.0	11.1	Fail	1%
720	0.26186	6.7	8.3	55.0	47.0	15.0	Fail	15%
721	0.93822	4.8	6.5	42.0	52.0	11.3	Pass	21%
722	0.23148	3.8	8.0	66.0	34.0	11.8	Fail	1%
723	0.20866	3.2	9.7	46.0	35.0	12.899999999999999	Fail	2%
724	0.39338	3.4	6.3	47.0	35.0	9.7	Fail	2%
725	0.82056	3.6	8.3	51.0	36.0	11.9	Fail	3%
726	0.29328	9.6	7.0	85.0	64.0	16.6	Pass	32%
727	0.50944	4.4	5.7	58.0	34.0	10.100000000000001	Fail	1%
728	0.35344	7.2	7.0	71.0	50.0	14.2	Pass	19%
729	0.11789	3.3	8.7	45.0	34.0	12.0	Fail	1%
730	0.5871	3.5	5.1	48.0	34.0	8.6	Fail	1%
731	0.96094	4.4	8.4	73.0	51.0	12.8	Pass	20%
732	0.97201	5.4	7.7	41.0	60.0	13.100000000000001	Pass	29%
733	0.72515	3.4	9.6	71.0	33.0	13.0	Fail	0%
734	0.74725	3.5	9.0	59.0	34.0	12.5	Fail	1%
735	0.60643	6.9	9.0	70.0	48.0	15.9	Fail	17%
736	0.97715	3.9	5.7	48.0	51.0	9.6	Pass	20%
737	0.71998	6.2	9.6	70.0	45.0	15.8	Fail	13%
738	0.90553	1.7	8.5	59.0	34.0	10.2	Fail	1%
739	0.36137	3.6	9.7	59.0	35.0	13.299999999999999	Fail	2%
740	0.80469	6.4	8.5	60.0	51.0	14.9	Pass	20%
741	0.36704	6.6	9.4	68.0	47.0	16.0	Fail	15%
742	0.60649	6.9	5.6	60.0	48.0	12.5	Fail	17%
743	0.83529	2.9	5.3	45.0	33.0	8.2	Fail	0%
744	0.19945	3.9	9.0	66.0	34.0	12.9	Fail	1%
745	0.64246	3.7	8.4	61.0	35.0	12.100000000000001	Fail	2%
746	0.26822	3.7	6.8	84.0	34.0	10.5	Fail	1%
747	0.39112	3.5	8.0	59.0	35.0	11.5	Fail	2%
748	0.41638	6.3	7.3	71.0	44.0	13.6	Fail	12%
749	0.15699	8.8	6.0	70.0	58.0	14.8	Pass	27%
750	0.68141	7.5	8.5	57.0	53.0	16.0	Pass	22%
751	0.42062	3.8	9.4	61.0	34.0	13.2	Fail	1%
752	0.75631	6.2	9.0	47.0	50.0	15.2	Pass	19%
753	0.7215	7.2	9.2	60.0	53.0	16.4	Pass	22%
754	0.20257	7.1	5.3	77.0	49.0	12.399999999999999	Fail	18%
755	0.6912	4.6	8.4	61.0	34.0	13.0	Fail	1%
756	0.12592	6.3	6.5	68.0	43.0	12.8	Fail	11%
757	0.49019	4.8	8.2	79.0	36.0	13.0	Fail	3%
758	0.73434	4.5	8.5	67.0	35.0	13.0	Fail	2%
759	0.37796	8.3	8.3	65.0	57.0	16.6	Pass	26%
760	0.38375	3.3	8.8	45.0	35.0	12.100000000000001	Fail	2%
761	0.1545	3.7	9.1	63.0	34.0	12.8	Fail	1%
762	0.71814	4.0	9.1	59.0	36.0	13.1	Fail	3%
763	0.73467	3.5	9.7	43.0	35.0	13.2	Fail	2%
764	0.58362	3.1	7.9	46.0	33.0	11.0	Fail	0%
765	0.52232	7.7	6.0	59.0	52.0	13.7	Pass	21%
766	0.67271	5.0	9.4	60.0	37.0	14.4	Fail	4%
767	0.694	3.1	8.4	41.0	34.0	11.5	Fail	1%
768	0.36006	3.5	8.1	58.0	33.0	11.6	Fail	0%
769	0.22667	7.3	8.0	60.0	49.0	15.3	Fail	18%
770	0.24097	1.0	8.6	67.0	35.0	9.6	Fail	2%
771	0.67545	6.3	9.4	63.0	45.0	15.7	Fail	13%
772	0.88559	3.6	7.0	66.0	36.0	10.6	Fail	3%
773	0.46855	6.6	8.7	64.0	45.0	15.299999999999999	Fail	13%
774	0.78094	3.9	6.9	73.0	34.0	10.8	Fail	1%
775	0.89252	2.7	9.2	51.0	35.0	11.899999999999999	Fail	2%
776	0.87466	3.7	9.0	50.0	42.0	12.7	Fail	10%
777	0.11387	0.9	5.3	44.0	34.0	6.2	Fail	1%
778	0.18332	3.2	9.2	45.0	34.0	12.399999999999999	Fail	1%
779	0.52544	5.1	9.4	88.0	36.0	14.5	Fail	3%
780	0.37963	7.5	7.0	43.0	50.0	14.5	Pass	19%
781	0.88336	6.3	7.3	60.0	53.0	13.6	Pass	22%
782	0.25339	3.7	5.2	71.0	34.0	8.9	Fail	1%
783	0.41722	1.4	8.8	50.0	35.0	10.200000000000001	Fail	2%
784	0.79675	4.0	8.7	69.0	34.0	12.7	Fail	1%
785	0.12738	3.7	9.6	57.0	33.0	13.3	Fail	0%
786	0.83476	8.3	7.2	98.0	59.0	15.5	Pass	28%
787	0.93904	3.9	9.5	62.0	46.0	13.4	Fail	14%
788	0.88867	3.6	8.2	62.0	38.0	11.799999999999999	Fail	5%
789	0.62773	3.6	9.5	51.0	34.0	13.1	Fail	1%
790	0.16956	7.5	9.4	72.0	52.0	16.9	Pass	21%
791	0.33208	7.7	9.2	73.0	54.0	16.9	Pass	23%
792	0.1848	5.8	8.2	51.0	41.0	14.0	Fail	9%
793	0.88767	4.2	9.6	59.0	44.0	13.8	Fail	12%
794	0.41245	4.0	8.3	60.0	34.0	12.3	Fail	1%
795	0.60571	6.0	9.0	61.0	44.0	15.0	Fail	12%
796	0.49004	5.9	6.2	69.0	41.0	12.100000000000001	Fail	9%
797	0.97261	4.1	8.5	52.0	52.0	12.6	Pass	21%
798	0.66459	6.9	6.2	55.0	48.0	13.100000000000001	Fail	17%
799	0.47806	8.0	7.2	47.0	54.0	15.2	Pass	23%
800	0.15503	5.0	9.3	55.0	37.0	14.3	Fail	4%
801	0.5404	6.5	9.5	57.0	45.0	16.0	Fail	13%
802	0.83201	3.2	8.2	56.0	34.0	11.399999999999999	Fail	1%
803	0.16263	4.6	9.4	71.0	34.0	14.0	Fail	1%
804	0.23827	4.8	6.4	68.0	35.0	11.2	Fail	2%
805	0.78796	6.8	9.7	69.0	53.0	16.5	Pass	22%
806	0.7516	3.9	9.1	53.0	33.0	13.0	Fail	0%
807	0.5214	8.3	6.6	60.0	56.0	14.9	Pass	25%
808	0.79003	4.8	8.6	67.0	39.0	13.399999999999999	Fail	6%
809	0.83075	2.9	8.8	41.0	34.0	11.700000000000001	Fail	1%
810	0.83194	3.5	9.3	73.0	34.0	12.8	Fail	1%
811	0.67845	5.3	8.4	49.0	41.0	13.7	Fail	9%
812	0.51221	3.0	9.6	45.0	34.0	12.6	Fail	1%
813	0.87821	5.3	5.1	48.0	46.0	10.399999999999999	Fail	14%
814	0.12143	1.8	8.9	47.0	34.0	10.700000000000001	Fail	1%
815	0.1464	3.9	8.6	58.0	34.0	12.5	Fail	1%
816	0.96287	3.4	6.4	46.0	46.0	9.8	Fail	14%
817	0.34944	6.7	8.8	50.0	46.0	15.5	Fail	14%
818	0.44992	2.3	8.5	46.0	34.0	10.8	Fail	1%
819	0.20719	3.3	9.5	57.0	33.0	12.8	Fail	0%
820	0.24086	2.5	7.5	52.0	34.0	10.0	Fail	1%
821	0.53967	3.8	9.6	47.0	34.0	13.399999999999999	Fail	1%
822	0.73135	8.3	6.1	57.0	56.0	14.4	Pass	25%
823	0.98776	7.1	7.5	60.0	73.0	14.6	Pass	34%
824	0.56963	3.6	9.4	43.0	34.0	13.0	Fail	1%
825	0.56597	3.6	6.1	62.0	34.0	9.7	Fail	1%
826	0.1079	5.8	9.7	60.0	40.0	15.5	Fail	8%
827	0.10155	4.1	7.9	55.0	34.0	12.0	Fail	1%
828	0.1879	3.4	8.8	42.0	34.0	12.200000000000001	Fail	1%
829	0.1914	3.8	7.5	70.0	34.0	11.3	Fail	1%
830	0.90524	9.2	7.5	99.0	67.0	16.7	Pass	33%
831	0.93575	3.8	7.4	50.0	48.0	11.2	Fail	17%
832	0.9783	3.8	5.8	58.0	49.0	9.6	Fail	18%
833	0.3447	5.7	7.8	48.0	42.0	13.5	Fail	10%
834	0.5588	9.2	5.7	72.0	62.0	14.899999999999999	Pass	31%
835	0.82559	1.9	9.8	59.0	34.0	11.700000000000001	Fail	1%
836	0.86616	6.0	8.8	76.0	50.0	14.8	Pass	19%
837	0.49003	3.5	5.6	60.0	34.0	9.1	Fail	1%
838	0.78281	3.1	7.8	46.0	34.0	10.9	Fail	1%
839	0.18782	3.6	5.7	55.0	33.0	9.3	Fail	0%
840	0.13622	7.0	9.7	62.0	47.0	16.7	Fail	15%
841	0.77791	8.4	8.4	93.0	59.0	16.8	Pass	28%
842	0.48282	8.6	6.2	93.0	58.0	14.8	Pass	27%
843	0.99599	7.6	8.9	68.0	77.0	16.5	Pass	34%
844	0.18753	3.6	6.7	56.0	33.0	10.3	Fail	0%
845	0.87006	6.7	9.5	55.0	56.0	16.2	Pass	25%
846	0.84444	7.0	8.3	65.0	55.0	15.3	Pass	24%
847	0.83541	3.1	8.6	51.0	35.0	11.7	Fail	2%
848	0.92439	7.2	7.4	76.0	61.0	14.600000000000001	Pass	30%
849	0.36807	3.1	8.5	43.0	34.0	11.6	Fail	1%
850	0.17377	0.9	8.5	50.0	35.0	9.4	Fail	2%
851	0.84549	3.6	10.0	57.0	38.0	13.6	Fail	5%
852	0.52608	5.6	10.0	58.0	41.0	15.6	Fail	9%
853	0.75672	1.6	8.2	40.0	34.0	9.799999999999999	Fail	1%
854	0.28849	0.9	8.5	41.0	35.0	9.4	Fail	2%
855	0.374	3.1	5.5	47.0	33.0	8.6	Fail	0%
856	0.25465	5.6	4.9	52.0	38.0	10.5	Fail	5%
857	0.42233	3.6	8.8	54.0	34.0	12.4	Fail	1%
858	0.27364	3.2	5.3	52.0	34.0	8.5	Fail	1%
859	0.2835	3.0	9.0	42.0	33.0	12.0	Fail	0%
860	0.26835	4.4	6.6	63.0	34.0	11.0	Fail	1%
861	0.54012	3.0	9.0	52.0	32.0	12.0	Fail	0%
862	0.90389	6.5	9.4	67.0	58.0	15.9	Pass	27%
863	0.67289	3.6	8.8	47.0	34.0	12.4	Fail	1%
864	0.72041	4.7	9.2	75.0	36.0	13.899999999999999	Fail	3%
865	0.70085	4.9	9.8	46.0	40.0	14.700000000000001	Fail	8%
866	0.50451	5.9	5.7	69.0	40.0	11.600000000000001	Fail	8%
867	0.7204	7.3	7.6	45.0	55.0	14.899999999999999	Pass	24%
868	0.16274	7.3	6.5	66.0	51.0	13.8	Pass	20%
869	0.87387	2.3	5.3	59.0	33.0	7.6	Fail	0%
870	0.80003	3.6	8.3	58.0	34.0	11.9	Fail	1%
871	0.32071	3.6	9.1	57.0	34.0	12.7	Fail	1%
872	0.79123	8.8	5.9	92.0	61.0	14.700000000000001	Pass	30%
873	0.11138	6.8	9.1	57.0	45.0	15.899999999999999	Fail	13%
874	0.29552	5.5	9.8	78.0	39.0	15.3	Fail	6%
875	0.15862	1.7	9.5	42.0	33.0	11.2	Fail	0%
876	0.8022	3.7	6.3	57.0	34.0	10.0	Fail	1%
877	0.83227	4.0	6.5	51.0	36.0	10.5	Fail	3%
878	0.55111	3.6	8.0	56.0	33.0	11.6	Fail	0%
879	0.26319	5.6	6.1	61.0	39.0	11.7	Fail	6%
880	0.52822	3.5	8.4	46.0	34.0	11.9	Fail	1%
881	0.68821	0.8	8.0	46.0	34.0	8.8	Fail	1%
882	0.23128	3.8	8.9	59.0	32.0	12.7	Fail	0%
883	0.284	5.3	8.6	65.0	38.0	13.899999999999999	Fail	5%
884	0.31483	5.9	6.9	63.0	41.0	12.8	Fail	9%
885	0.3039	6.5	7.4	57.0	45.0	13.9	Fail	13%
886	0.45563	3.7	8.7	44.0	32.0	12.399999999999999	Fail	0%
887	0.79838	7.4	9.3	53.0	57.0	16.700000000000003	Pass	26%
888	0.74734	3.4	5.0	40.0	34.0	8.4	Fail	1%
889	0.21387	8.3	7.0	87.0	56.0	15.3	Pass	25%
890	0.14396	3.8	9.8	78.0	34.0	13.600000000000001	Fail	1%
891	0.89015	3.8	8.5	55.0	42.0	12.3	Fail	10%
892	0.17185	5.1	8.2	68.0	37.0	13.299999999999999	Fail	4%
893	0.23351	3.5	8.9	43.0	34.0	12.4	Fail	1%
894	0.6655	4.9	7.7	66.0	37.0	12.600000000000001	Fail	4%
895	0.89824	3.8	8.0	63.0	41.0	11.8	Fail	9%
896	0.23717	3.8	8.6	62.0	34.0	12.399999999999999	Fail	1%
897	0.22428	3.8	10.0	75.0	34.0	13.8	Fail	1%
898	0.2027	1.3	9.6	46.0	33.0	10.9	Fail	0%
899	0.31646	3.9	8.3	59.0	35.0	12.200000000000001	Fail	2%
900	0.376	4.5	8.2	47.0	33.0	12.7	Fail	0%
901	0.96542	5.7	8.9	67.0	62.0	14.600000000000001	Pass	31%
902	0.62063	9.5	5.7	58.0	64.0	15.2	Pass	32%
903	0.98884	3.0	10.0	40.0	49.0	13.0	Fail	18%
904	0.43522	3.7	5.8	57.0	34.0	9.5	Fail	1%
905	0.51186	3.1	7.4	49.0	34.0	10.5	Fail	1%
906	0.39212	4.2	8.5	49.0	34.0	12.7	Fail	1%
907	0.14042	3.7	9.6	81.0	33.0	13.3	Fail	0%
908	0.23531	2.7	7.8	46.0	34.0	10.5	Fail	1%
909	0.48117	4.0	9.6	52.0	34.0	13.6	Fail	1%
910	0.2677	4.2	9.0	49.0	33.0	13.2	Fail	0%
911	0.21619	3.4	9.0	47.0	36.0	12.4	Fail	3%
912	0.51086	4.7	5.2	41.0	35.0	9.9	Fail	2%
913	0.34453	3.6	9.9	59.0	33.0	13.5	Fail	0%
914	0.41671	6.8	7.4	78.0	47.0	14.2	Fail	15%
915	0.18488	7.5	6.5	49.0	50.0	14.0	Pass	19%
916	0.48532	0.8	6.9	41.0	33.0	7.7	Fail	0%
917	0.98493	2.8	5.4	62.0	44.0	8.2	Fail	12%
918	0.39595	7.0	9.8	66.0	50.0	16.8	Pass	19%
919	0.88879	5.1	8.2	61.0	47.0	13.299999999999999	Fail	15%
920	0.85888	0.9	8.2	45.0	32.0	9.1	Fail	0%
921	0.95685	3.7	8.9	56.0	49.0	12.600000000000001	Fail	18%
922	0.8111	3.7	9.7	73.0	34.0	13.399999999999999	Fail	1%
923	0.16808	8.1	8.8	72.0	55.0	16.9	Pass	24%
924	0.51655	3.7	8.4	50.0	34.0	12.100000000000001	Fail	1%
925	0.99033	8.1	8.2	74.0	80.0	16.299999999999997	Pass	34%
926	0.79264	3.8	6.2	57.0	33.0	10.0	Fail	0%
927	0.96587	3.6	8.3	72.0	47.0	11.9	Fail	15%
928	0.80167	5.6	9.7	67.0	45.0	15.299999999999999	Fail	13%
929	0.88739	2.2	8.6	43.0	33.0	10.8	Fail	0%
930	0.73588	6.9	7.9	60.0	51.0	14.8	Pass	20%
931	0.78445	6.6	8.4	49.0	52.0	15.0	Pass	21%
932	0.93181	3.4	9.9	41.0	46.0	13.3	Fail	14%
933	0.84254	2.6	8.9	48.0	33.0	11.5	Fail	0%
934	0.8595	8.9	6.8	78.0	63.0	15.7	Pass	31%
935	0.70571	7.7	6.3	55.0	53.0	14.0	Pass	22%
936	0.37412	4.1	8.0	65.0	35.0	12.1	Fail	2%
937	0.13207	7.6	6.3	59.0	53.0	13.899999999999999	Pass	22%
938	0.94209	3.4	8.1	57.0	44.0	11.5	Fail	12%
939	0.62751	3.7	9.1	72.0	34.0	12.8	Fail	1%
940	0.36833	3.8	9.7	70.0	34.0	13.5	Fail	1%
941	0.23422	6.1	7.0	68.0	43.0	13.1	Fail	11%
942	0.84657	6.7	9.4	47.0	57.0	16.1	Pass	26%
943	0.85287	2.2	8.9	47.0	34.0	11.100000000000001	Fail	1%
944	0.83306	5.0	7.6	64.0	40.0	12.6	Fail	8%
945	0.68057	7.6	6.3	66.0	52.0	13.899999999999999	Pass	21%
946	0.42941	3.2	8.9	45.0	35.0	12.100000000000001	Fail	2%
947	0.37366	3.1	9.0	45.0	35.0	12.1	Fail	2%
948	0.1077	3.8	9.5	87.0	33.0	13.3	Fail	0%
949	0.17869	2.8	6.7	49.0	33.0	9.5	Fail	0%
950	0.66768	4.8	5.4	55.0	35.0	10.2	Fail	2%
951	0.57402	5.4	7.9	69.0	39.0	13.3	Fail	6%
952	0.93404	2.7	5.9	44.0	40.0	8.600000000000001	Fail	8%
953	0.12845	1.3	9.3	57.0	35.0	10.600000000000001	Fail	2%
954	0.14685	4.2	9.7	55.0	35.0	13.899999999999999	Fail	2%
955	0.13434	4.0	6.0	62.0	34.0	10.0	Fail	1%
956	0.48684	6.9	9.4	69.0	47.0	16.3	Fail	15%
957	0.15677	8.1	8.5	84.0	55.0	16.6	Pass	24%
958	0.81023	3.3	8.9	53.0	35.0	12.2	Fail	2%
959	0.57661	7.3	7.6	53.0	50.0	14.899999999999999	Pass	19%
960	0.13645	9.3	7.4	86.0	63.0	16.700000000000003	Pass	31%
961	0.6514	3.6	6.8	59.0	35.0	10.4	Fail	2%
962	0.8255	3.8	7.4	65.0	33.0	11.2	Fail	0%
963	0.64946	2.8	9.2	40.0	35.0	12.0	Fail	2%
964	0.30228	3.6	9.1	57.0	35.0	12.7	Fail	2%
965	0.66545	6.8	8.2	56.0	48.0	15.0	Fail	17%
966	0.7607	3.8	5.5	69.0	35.0	9.3	Fail	2%
967	0.65879	7.6	5.6	62.0	51.0	13.2	Pass	20%
968	0.97232	7.7	7.7	83.0	70.0	15.4	Pass	34%
969	0.27756	2.4	8.8	42.0	34.0	11.200000000000001	Fail	1%
970	0.58451	7.1	8.0	87.0	50.0	15.1	Pass	19%
971	0.70476	3.3	9.0	44.0	34.0	12.3	Fail	1%
972	0.18952	4.9	5.8	70.0	36.0	10.7	Fail	3%
973	0.44252	1.2	9.9	46.0	34.0	11.1	Fail	1%
974	0.79244	3.3	9.2	46.0	35.0	12.5	Fail	2%
975	0.73622	1.1	8.2	45.0	34.0	9.299999999999999	Fail	1%
976	0.13613	3.9	6.5	49.0	34.0	10.4	Fail	1%
977	0.59193	3.0	8.2	44.0	33.0	11.2	Fail	0%
978	0.17945	3.5	9.9	47.0	34.0	13.4	Fail	1%
979	0.90757	6.9	7.1	53.0	61.0	14.0	Pass	30%
980	0.11897	3.5	9.6	44.0	33.0	13.1	Fail	0%
981	0.87278	3.9	5.1	63.0	34.0	9.0	Fail	1%
982	0.92749	3.9	9.0	65.0	45.0	12.9	Fail	13%
983	0.41819	3.9	7.6	63.0	34.0	11.5	Fail	1%
984	0.74755	4.0	6.4	54.0	33.0	10.4	Fail	0%
985	0.68971	8.4	8.4	98.0	56.0	16.8	Pass	25%
986	0.40629	3.9	9.3	71.0	34.0	13.200000000000001	Fail	1%
987	0.48199	6.0	6.3	45.0	42.0	12.3	Fail	10%
988	0.84803	3.2	8.5	50.0	36.0	11.7	Fail	3%
989	0.41383	3.9	7.9	72.0	34.0	11.8	Fail	1%
990	0.46013	3.8	8.7	51.0	35.0	12.5	Fail	2%
991	0.90465	7.8	8.9	63.0	67.0	16.7	Pass	33%
992	0.58983	8.6	8.2	88.0	59.0	16.799999999999997	Pass	28%
993	0.89805	3.1	8.2	50.0	39.0	11.299999999999999	Fail	6%
994	0.97417	3.2	8.9	40.0	48.0	12.100000000000001	Fail	17%
995	0.43513	3.2	6.3	41.0	34.0	9.5	Fail	1%
996	0.43442	3.4	9.6	49.0	34.0	13.0	Fail	1%
997	0.27553	7.9	9.0	64.0	54.0	16.9	Pass	23%
998	0.97211	2.9	5.4	42.0	46.0	8.3	Fail	14%
999	0.79608	1.1	9.5	42.0	34.0	10.6	Fail	1%
1000	0.31902	3.8	8.4	63.0	34.0	12.2	Fail	1%
1001	0.1361	6.5	9.4	50.0	46.0	15.9	Fail	14%
1002	0.98689	3.9	6.9	67.0	53.0	10.8	Pass	22%
1003	0.40641	2.9	8.8	47.0	33.0	11.700000000000001	Fail	0%
1004	0.91536	6.3	6.7	45.0	59.0	13.0	Pass	28%
1005	0.62659	3.6	5.5	60.0	33.0	9.1	Fail	0%
1006	0.29338	6.6	8.7	78.0	45.0	15.299999999999999	Fail	13%
1007	0.99402	6.2	8.4	66.0	67.0	14.600000000000001	Pass	33%
1008	0.17801	6.1	6.6	53.0	44.0	12.7	Fail	12%
1009	0.45146	7.8	6.1	55.0	53.0	13.899999999999999	Pass	22%
1010	0.57167	4.7	8.4	52.0	35.0	13.100000000000001	Fail	2%
1011	0.97604	3.4	9.4	41.0	51.0	12.8	Pass	20%
1012	0.29157	6.4	6.2	61.0	44.0	12.600000000000001	Fail	12%
1013	0.60562	9.3	5.5	83.0	63.0	14.8	Pass	31%
1014	0.47071	3.6	8.2	71.0	33.0	11.799999999999999	Fail	0%
1015	0.16605	2.8	8.3	45.0	34.0	11.100000000000001	Fail	1%
1016	0.8517	3.7	9.3	50.0	40.0	13.0	Fail	8%
1017	0.39548	7.5	6.4	68.0	52.0	13.9	Pass	21%
1018	0.29713	5.1	9.0	60.0	36.0	14.1	Fail	3%
1019	0.16471	6.9	8.9	58.0	49.0	15.8	Fail	18%
1020	0.74411	7.0	8.5	75.0	51.0	15.5	Pass	20%
1021	0.45163	4.2	9.3	49.0	34.0	13.5	Fail	1%
1022	0.78947	3.8	9.4	54.0	37.0	13.2	Fail	4%
1023	0.4114	5.3	9.2	75.0	37.0	14.5	Fail	4%
1024	0.50608	7.0	8.8	58.0	49.0	15.8	Fail	18%
1025	0.7737	3.8	6.0	56.0	35.0	9.8	Fail	2%
1026	0.912	6.8	6.2	59.0	56.0	13.0	Pass	25%
1027	0.14479	3.2	7.4	46.0	34.0	10.600000000000001	Fail	1%
1028	0.5717	2.3	8.8	43.0	35.0	11.100000000000001	Fail	2%
1029	0.12955	3.8	9.8	86.0	34.0	13.600000000000001	Fail	1%
1030	0.52157	6.3	8.7	65.0	45.0	15.0	Fail	13%
1031	0.42543	3.5	6.9	54.0	34.0	10.4	Fail	1%
1032	0.93921	5.1	9.3	56.0	54.0	14.4	Pass	23%
1033	0.66755	7.1	8.1	45.0	51.0	15.2	Pass	20%
1034	0.94074	8.6	7.7	81.0	73.0	16.3	Pass	34%
1035	0.78145	2.3	8.7	48.0	35.0	11.0	Fail	2%
1036	0.30804	8.0	8.1	64.0	54.0	16.1	Pass	23%
1037	0.45475	6.5	9.7	75.0	45.0	16.2	Fail	13%
1038	0.2531	7.3	7.7	46.0	50.0	15.0	Pass	19%
1039	0.49036	5.6	5.1	64.0	38.0	10.7	Fail	5%
1040	0.80706	5.3	9.3	56.0	45.0	14.600000000000001	Fail	13%
1041	0.94772	4.6	9.0	58.0	53.0	13.6	Pass	22%
1042	0.88929	2.2	6.6	52.0	34.0	8.8	Fail	1%
1043	0.2878	3.8	8.3	53.0	35.0	12.100000000000001	Fail	2%
1044	0.54643	3.4	8.7	48.0	33.0	12.1	Fail	0%
1045	0.41297	3.9	7.5	75.0	34.0	11.4	Fail	1%
1046	0.45987	3.6	7.0	55.0	34.0	10.6	Fail	1%
1047	0.42473	3.5	8.6	67.0	34.0	12.1	Fail	1%
1048	0.84372	4.1	8.7	58.0	38.0	12.799999999999999	Fail	5%
1049	0.50693	1.4	9.7	49.0	35.0	11.1	Fail	2%
1050	0.9842	4.6	9.1	44.0	58.0	13.7	Pass	27%
1051	0.53916	3.6	6.9	51.0	34.0	10.5	Fail	1%
1052	0.79666	3.9	6.6	55.0	34.0	10.5	Fail	1%
1053	0.23605	4.0	9.3	58.0	34.0	13.3	Fail	1%
1054	0.65038	6.7	9.3	67.0	49.0	16.0	Fail	18%
1055	0.88066	8.8	5.4	64.0	63.0	14.200000000000001	Pass	31%
1056	0.63837	7.5	8.4	51.0	52.0	15.9	Pass	21%
1057	0.47497	4.0	8.3	54.0	34.0	12.3	Fail	1%
1058	0.41827	3.0	5.5	50.0	34.0	8.5	Fail	1%
1059	0.63968	6.7	10.0	55.0	48.0	16.7	Fail	17%
1060	0.68875	4.9	8.6	51.0	39.0	13.5	Fail	6%
1061	0.78473	3.9	9.7	47.0	37.0	13.6	Fail	4%
1062	0.8657	1.4	10.0	55.0	35.0	11.4	Fail	2%
1063	0.33131	9.8	5.1	83.0	65.0	14.9	Pass	32%
1064	0.46638	3.8	5.6	61.0	35.0	9.399999999999999	Fail	2%
1065	0.54871	3.8	9.2	43.0	32.0	13.0	Fail	0%
1066	0.57999	3.8	9.1	64.0	34.0	12.899999999999999	Fail	1%
1067	0.69354	1.5	6.3	52.0	35.0	7.8	Fail	2%
1068	0.13744	4.4	6.3	71.0	33.0	10.7	Fail	0%
1069	0.74933	3.1	9.6	47.0	35.0	12.7	Fail	2%
1070	0.52146	3.2	6.8	43.0	36.0	10.0	Fail	3%
1071	0.8449	5.1	7.5	67.0	41.0	12.6	Fail	9%
1072	0.98653	2.3	6.6	49.0	42.0	8.899999999999999	Fail	10%
1073	0.90036	3.1	9.2	49.0	39.0	12.299999999999999	Fail	6%
1074	0.79418	4.0	8.0	45.0	37.0	12.0	Fail	4%
1075	0.47036	3.6	9.0	68.0	35.0	12.6	Fail	2%
1076	0.94727	4.9	8.4	68.0	53.0	13.3	Pass	22%
1077	0.86712	8.1	8.2	93.0	61.0	16.299999999999997	Pass	30%
1078	0.40789	3.8	6.3	68.0	34.0	10.1	Fail	1%
1079	0.98699	3.0	9.8	40.0	49.0	12.8	Fail	18%
1080	0.22663	3.2	9.5	57.0	34.0	12.7	Fail	1%
1081	0.29771	4.0	6.6	59.0	33.0	10.6	Fail	0%
1082	0.53375	3.7	6.9	51.0	33.0	10.600000000000001	Fail	0%
1083	0.51628	2.8	8.3	41.0	35.0	11.100000000000001	Fail	2%
1084	0.47705	3.8	5.2	68.0	34.0	9.0	Fail	1%
1085	0.41945	3.5	9.9	58.0	34.0	13.4	Fail	1%
1086	0.98429	8.7	5.9	86.0	78.0	14.6	Pass	34%
1087	0.26269	2.2	8.1	45.0	35.0	10.3	Fail	2%
1088	0.18073	5.2	8.6	60.0	37.0	13.8	Fail	4%
1089	0.76048	3.5	9.6	59.0	32.0	13.1	Fail	0%
1090	0.99528	6.0	9.4	70.0	67.0	15.4	Pass	33%
1091	0.60013	2.1	8.8	48.0	33.0	10.9	Fail	0%
1092	0.53627	6.0	8.3	56.0	42.0	14.3	Fail	10%
1093	0.85153	5.4	7.4	62.0	44.0	12.8	Fail	12%
1094	0.99029	3.5	7.2	72.0	50.0	10.7	Pass	19%
1095	0.99183	5.3	7.7	57.0	63.0	13.0	Pass	31%
1096	0.32819	5.0	9.1	56.0	36.0	14.1	Fail	3%
1097	0.18011	3.2	9.5	47.0	34.0	12.7	Fail	1%
1098	0.34456	3.8	8.2	57.0	34.0	12.0	Fail	1%
1099	0.79114	1.3	8.2	54.0	34.0	9.5	Fail	1%
1100	0.801	5.1	7.5	62.0	41.0	12.6	Fail	9%
1101	0.56257	6.0	9.6	64.0	42.0	15.6	Fail	10%
1102	0.73783	3.7	5.2	60.0	35.0	8.9	Fail	2%
1103	0.70947	4.0	6.8	53.0	34.0	10.8	Fail	1%
1104	0.72802	3.4	9.2	46.0	35.0	12.6	Fail	2%
1105	0.58234	8.8	5.8	65.0	60.0	14.600000000000001	Pass	29%
1106	0.32681	3.8	5.2	48.0	33.0	9.0	Fail	0%
1107	0.54347	5.3	8.7	78.0	37.0	14.0	Fail	4%
1108	0.41176	5.3	9.4	77.0	37.0	14.7	Fail	4%
1109	0.4324	3.6	9.2	62.0	34.0	12.799999999999999	Fail	1%
1110	0.51793	4.1	5.1	75.0	34.0	9.2	Fail	1%
1111	0.56451	8.8	5.5	89.0	57.0	14.3	Pass	26%
1112	0.39949	4.7	7.7	54.0	34.0	12.4	Fail	1%
1113	0.349	3.2	9.3	45.0	35.0	12.5	Fail	2%
1114	0.69035	5.0	8.9	57.0	38.0	13.9	Fail	5%
1115	0.20786	7.8	8.5	40.0	53.0	16.3	Pass	22%
1116	0.89135	2.0	7.7	49.0	34.0	9.7	Fail	1%
1117	0.80128	2.7	5.5	51.0	34.0	8.2	Fail	1%
1118	0.72462	2.3	9.2	44.0	35.0	11.5	Fail	2%
1119	0.26608	3.5	9.4	68.0	33.0	12.9	Fail	0%
1120	0.34588	5.4	8.2	68.0	38.0	13.6	Fail	5%
1121	0.46809	6.7	9.9	76.0	47.0	16.6	Fail	15%
1122	0.67485	3.5	5.2	58.0	32.0	8.7	Fail	0%
1123	0.79157	6.8	6.4	65.0	49.0	13.2	Fail	18%
1124	0.65607	3.5	8.3	48.0	34.0	11.8	Fail	1%
1125	0.80829	3.3	9.3	46.0	34.0	12.600000000000001	Fail	1%
1126	0.40084	3.3	9.4	46.0	33.0	12.7	Fail	0%
1127	0.89312	3.2	8.7	41.0	41.0	11.899999999999999	Fail	9%
1128	0.65342	2.5	8.6	55.0	33.0	11.1	Fail	0%
1129	0.84013	3.9	6.0	69.0	34.0	9.9	Fail	1%
1130	0.59165	3.5	8.3	54.0	33.0	11.8	Fail	0%
1131	0.29659	4.0	8.7	54.0	33.0	12.7	Fail	0%
1132	0.58817	9.8	6.2	62.0	65.0	16.0	Pass	32%
1133	0.434	6.0	8.6	66.0	42.0	14.6	Fail	10%
1134	0.52821	4.2	9.6	71.0	33.0	13.8	Fail	0%
1135	0.8525	3.8	8.8	73.0	35.0	12.600000000000001	Fail	2%
1136	0.29544	5.9	6.6	60.0	40.0	12.5	Fail	8%
1137	0.39719	6.9	9.6	57.0	48.0	16.5	Fail	17%
1138	0.2313	3.2	8.9	44.0	35.0	12.100000000000001	Fail	2%
1139	0.54869	3.9	9.4	63.0	33.0	13.3	Fail	0%
1140	0.88809	6.7	9.4	61.0	58.0	16.1	Pass	27%
1141	0.19771	7.7	7.5	49.0	51.0	15.2	Pass	20%
1142	0.81256	3.3	7.9	43.0	33.0	11.2	Fail	0%
1143	0.25368	5.0	8.7	58.0	36.0	13.7	Fail	3%
1144	0.13304	4.1	10.0	41.0	33.0	14.1	Fail	0%
1145	0.78854	3.7	8.2	68.0	34.0	11.899999999999999	Fail	1%
1146	0.88527	3.0	7.9	44.0	38.0	10.9	Fail	5%
1147	0.57224	3.3	8.1	51.0	34.0	11.399999999999999	Fail	1%
1148	0.81044	5.1	8.9	77.0	42.0	14.0	Fail	10%
1149	0.25129	5.0	8.3	73.0	37.0	13.3	Fail	4%
1150	0.4109	3.9	5.6	49.0	34.0	9.5	Fail	1%
1151	0.95881	3.6	9.0	63.0	47.0	12.6	Fail	15%
1152	0.43429	4.8	6.1	57.0	34.0	10.899999999999999	Fail	1%
1153	0.84646	6.2	6.7	64.0	48.0	12.9	Fail	17%
1154	0.82646	3.7	5.3	70.0	34.0	9.0	Fail	1%
1155	0.69174	3.3	5.6	57.0	35.0	8.899999999999999	Fail	2%
1156	0.27347	4.0	8.2	57.0	35.0	12.2	Fail	2%
1157	0.21859	3.0	9.5	44.0	33.0	12.5	Fail	0%
1158	0.44467	2.9	9.4	59.0	34.0	12.3	Fail	1%
1159	0.28328	3.9	8.6	55.0	34.0	12.5	Fail	1%
1160	0.6796	3.5	8.4	47.0	35.0	11.9	Fail	2%
1161	0.99505	6.4	7.3	67.0	70.0	13.7	Pass	34%
1162	0.58683	5.4	8.1	60.0	39.0	13.5	Fail	6%
1163	0.6163	5.5	9.2	51.0	41.0	14.7	Fail	9%
1164	0.58933	6.0	6.7	56.0	41.0	12.7	Fail	9%
1165	0.52449	4.8	6.4	71.0	36.0	11.2	Fail	3%
1166	0.34201	3.8	8.2	59.0	34.0	12.0	Fail	1%
1167	0.14733	5.0	6.8	67.0	36.0	11.8	Fail	3%
1168	0.59544	2.9	8.9	54.0	34.0	11.8	Fail	1%
1169	0.37656	1.2	9.2	51.0	35.0	10.399999999999999	Fail	2%
1170	0.93937	6.3	7.8	56.0	59.0	14.1	Pass	28%
1171	0.90507	3.4	9.1	59.0	40.0	12.5	Fail	8%
1172	0.271	3.2	8.6	51.0	35.0	11.8	Fail	2%
1173	0.4091	4.1	9.8	45.0	35.0	13.9	Fail	2%
1174	0.65214	3.7	5.3	59.0	34.0	9.0	Fail	1%
1175	0.18612	4.4	8.1	64.0	34.0	12.5	Fail	1%
1176	0.41911	3.7	9.9	52.0	35.0	13.600000000000001	Fail	2%
1177	0.92397	7.9	8.0	61.0	69.0	15.9	Pass	33%
1178	0.62185	3.7	8.2	52.0	33.0	11.899999999999999	Fail	0%
1179	0.56831	6.0	8.7	56.0	42.0	14.7	Fail	10%
1180	0.93919	4.4	6.5	60.0	47.0	10.9	Fail	15%
1181	0.2445	4.0	8.2	42.0	34.0	12.2	Fail	1%
1182	0.70906	5.7	9.6	63.0	42.0	15.3	Fail	10%
1183	0.15578	3.4	9.5	49.0	33.0	12.9	Fail	0%
1184	0.88198	4.1	8.9	67.0	41.0	13.0	Fail	9%
1185	0.42154	3.9	9.4	72.0	34.0	13.3	Fail	1%
1186	0.48469	7.1	9.5	59.0	51.0	16.6	Pass	20%
1187	0.59585	4.0	8.0	63.0	34.0	12.0	Fail	1%
1188	0.19502	7.6	7.7	52.0	53.0	15.3	Pass	22%
1189	0.99226	3.4	9.6	55.0	51.0	13.0	Pass	20%
1190	0.58349	3.7	6.8	78.0	34.0	10.5	Fail	1%
1191	0.49584	7.3	6.3	63.0	49.0	13.6	Fail	18%
1192	0.7947	6.7	7.2	67.0	48.0	13.9	Fail	17%
1193	0.56499	3.9	5.3	63.0	35.0	9.2	Fail	2%
1194	0.64873	3.6	10.0	66.0	33.0	13.6	Fail	0%
1195	0.75137	3.6	8.4	61.0	34.0	12.0	Fail	1%
1196	0.12252	1.6	10.0	43.0	34.0	11.6	Fail	1%
1197	0.61358	4.6	9.0	61.0	34.0	13.6	Fail	1%
1198	0.46466	3.7	9.9	63.0	34.0	13.600000000000001	Fail	1%
1199	0.9336	3.6	5.1	61.0	39.0	8.7	Fail	6%
1200	0.51286	4.1	9.8	47.0	34.0	13.9	Fail	1%
1201	0.98339	3.9	5.7	71.0	52.0	9.6	Pass	21%
1202	0.15873	1.7	8.8	46.0	34.0	10.5	Fail	1%
1203	0.88162	6.4	7.8	45.0	58.0	14.2	Pass	27%
1204	0.85223	4.9	4.8	53.0	40.0	9.7	Fail	8%
1205	0.7647	5.6	9.0	73.0	43.0	14.6	Fail	11%
1206	0.33863	3.1	5.4	42.0	32.0	8.5	Fail	0%
1207	0.1152	5.0	8.1	78.0	35.0	13.1	Fail	2%
1208	0.53173	6.9	9.6	64.0	47.0	16.5	Fail	15%
1209	0.90625	3.7	9.3	71.0	40.0	13.0	Fail	8%
1210	0.9606	6.1	5.4	45.0	62.0	11.5	Pass	31%
1211	0.89161	9.0	8.0	85.0	68.0	17.0	Pass	33%
1212	0.62204	8.4	5.8	65.0	56.0	14.2	Pass	25%
1213	0.50015	7.9	8.6	81.0	52.0	16.5	Pass	21%
1214	0.79736	3.1	6.5	54.0	34.0	9.6	Fail	1%
1215	0.17859	3.5	5.9	62.0	34.0	9.4	Fail	1%
1216	0.93347	3.4	8.8	49.0	44.0	12.200000000000001	Fail	12%
1217	0.51004	4.4	6.3	60.0	33.0	10.7	Fail	0%
1218	0.427	3.8	8.4	50.0	34.0	12.2	Fail	1%
1219	0.70645	3.9	8.3	60.0	33.0	12.200000000000001	Fail	0%
1220	0.28962	3.3	8.1	52.0	35.0	11.399999999999999	Fail	2%
1221	0.85324	3.7	7.2	64.0	36.0	10.9	Fail	3%
1222	0.26802	2.5	9.3	46.0	33.0	11.8	Fail	0%
1223	0.7575	3.8	9.6	69.0	35.0	13.399999999999999	Fail	2%
1224	0.96891	3.4	9.8	65.0	48.0	13.200000000000001	Fail	17%
1225	0.82835	8.5	8.4	73.0	64.0	16.9	Pass	32%
1226	0.94631	1.8	8.2	48.0	35.0	10.0	Fail	2%
1227	0.22655	7.7	5.6	53.0	52.0	13.3	Pass	21%
1228	0.60193	3.5	9.4	40.0	35.0	12.9	Fail	2%
1229	0.36127	3.6	8.3	58.0	32.0	11.9	Fail	0%
1230	0.84525	3.4	8.2	65.0	34.0	11.6	Fail	1%
1231	0.70479	6.3	8.6	57.0	47.0	14.899999999999999	Fail	15%
1232	0.97366	4.8	8.7	66.0	58.0	13.5	Pass	27%
1233	0.53721	1.9	8.5	44.0	34.0	10.4	Fail	1%
1234	0.55112	5.8	7.6	71.0	40.0	13.399999999999999	Fail	8%
1235	0.49896	7.6	6.6	60.0	51.0	14.2	Pass	20%
1236	0.50205	6.9	8.6	60.0	47.0	15.5	Fail	15%
1237	0.42646	4.0	7.9	67.0	34.0	11.9	Fail	1%
1238	0.56989	6.1	9.5	56.0	43.0	15.6	Fail	11%
1239	0.40172	3.6	9.7	51.0	34.0	13.299999999999999	Fail	1%
1240	0.37715	3.3	7.3	42.0	35.0	10.6	Fail	2%
1241	0.35077	3.9	8.2	65.0	34.0	12.1	Fail	1%
1242	0.21867	8.4	8.0	96.0	58.0	16.4	Pass	27%
1243	0.7232	1.7	7.3	40.0	34.0	9.0	Fail	1%
1244	0.66717	6.2	8.8	51.0	46.0	15.0	Fail	14%
1245	0.82338	5.0	9.8	55.0	45.0	14.8	Fail	13%
1246	0.82936	3.2	8.9	40.0	36.0	12.100000000000001	Fail	3%
1247	0.48493	1.4	6.0	42.0	35.0	7.4	Fail	2%
1248	0.73144	6.3	7.1	65.0	46.0	13.399999999999999	Fail	14%
1249	0.49114	7.9	8.4	64.0	52.0	16.3	Pass	21%
1250	0.78419	3.8	5.0	60.0	34.0	8.8	Fail	1%
1251	0.25735	5.7	9.8	46.0	41.0	15.5	Fail	9%
1252	0.30176	2.9	6.3	41.0	34.0	9.2	Fail	1%
1253	0.4232	3.5	8.5	53.0	35.0	12.0	Fail	2%
1254	0.30734	3.5	7.9	49.0	34.0	11.4	Fail	1%
1255	0.81835	3.7	9.9	62.0	35.0	13.600000000000001	Fail	2%
1256	0.80795	3.8	6.5	61.0	34.0	10.3	Fail	1%
1257	0.42805	3.3	8.3	47.0	33.0	11.600000000000001	Fail	0%
1258	0.63447	4.9	9.4	67.0	37.0	14.3	Fail	4%
1259	0.85199	3.0	6.2	52.0	34.0	9.2	Fail	1%
1260	0.75689	2.9	8.2	55.0	34.0	11.1	Fail	1%
1261	0.77435	7.0	8.4	55.0	52.0	15.4	Pass	21%
1262	0.27653	4.9	5.3	62.0	36.0	10.2	Fail	3%
1263	0.87565	3.6	8.9	41.0	42.0	12.5	Fail	10%
1264	0.71511	6.1	9.1	55.0	46.0	15.2	Fail	14%
1265	0.61793	5.1	7.8	60.0	37.0	12.899999999999999	Fail	4%
1266	0.72119	3.4	8.6	45.0	34.0	12.0	Fail	1%
1267	0.75877	8.2	7.0	94.0	57.0	15.2	Pass	26%
1268	0.13855	3.9	8.6	84.0	33.0	12.5	Fail	0%
1269	0.70821	2.8	9.0	51.0	35.0	11.8	Fail	2%
1270	0.47322	1.5	9.4	42.0	35.0	10.9	Fail	2%
1271	0.47792	5.3	8.6	63.0	37.0	13.899999999999999	Fail	4%
1272	0.44591	4.3	5.9	68.0	35.0	10.2	Fail	2%
1273	0.76455	8.4	7.0	52.0	60.0	15.4	Pass	29%
1274	0.79679	8.2	5.9	75.0	58.0	14.1	Pass	27%
1275	0.64633	4.3	9.7	66.0	34.0	14.0	Fail	1%
1276	0.12042	4.9	5.7	57.0	36.0	10.600000000000001	Fail	3%
1277	0.93792	3.7	7.1	58.0	43.0	10.8	Fail	11%
1278	0.71761	3.8	8.1	59.0	33.0	11.899999999999999	Fail	0%
1279	0.28024	3.6	9.4	50.0	33.0	13.0	Fail	0%
1280	0.6213	3.4	9.1	43.0	34.0	12.5	Fail	1%
1281	0.51997	1.1	8.8	44.0	34.0	9.9	Fail	1%
1282	0.47785	5.3	8.2	51.0	39.0	13.5	Fail	6%
1283	0.90074	4.5	9.0	61.0	47.0	13.5	Fail	15%
1284	0.16781	3.8	9.2	74.0	35.0	13.0	Fail	2%
1285	0.95197	4.0	9.5	49.0	50.0	13.5	Pass	19%
1286	0.92848	3.5	7.4	53.0	41.0	10.9	Fail	9%
1287	0.71599	7.4	8.2	48.0	54.0	15.6	Pass	23%
1288	0.18357	3.4	8.6	56.0	35.0	12.0	Fail	2%
1289	0.81167	1.7	8.3	45.0	35.0	10.0	Fail	2%
1290	0.16793	6.5	9.0	61.0	46.0	15.5	Fail	14%
1291	0.16174	9.4	6.6	67.0	62.0	16.0	Pass	31%
1292	0.58365	6.9	8.9	69.0	48.0	15.8	Fail	17%
1293	0.10696	4.1	8.9	68.0	35.0	13.0	Fail	2%
1294	0.4808	5.8	8.6	51.0	41.0	14.399999999999999	Fail	9%
1295	0.2235	4.5	8.1	54.0	34.0	12.6	Fail	1%
1296	0.24446	8.6	6.0	95.0	58.0	14.6	Pass	27%
1297	0.16922	8.4	5.3	97.0	55.0	13.7	Pass	24%
1298	0.28458	6.4	6.0	66.0	46.0	12.4	Fail	14%
1299	0.50728	1.9	6.7	42.0	34.0	8.6	Fail	1%
1300	0.5559	4.1	10.0	52.0	35.0	14.1	Fail	2%
1301	0.12939	3.3	5.9	54.0	34.0	9.2	Fail	1%
1302	0.33181	3.6	7.0	52.0	34.0	10.6	Fail	1%
1303	0.45292	2.2	9.6	46.0	34.0	11.8	Fail	1%
1304	0.8027	1.3	9.1	56.0	34.0	10.4	Fail	1%
1305	0.42741	4.8	9.1	75.0	35.0	13.899999999999999	Fail	2%
1306	0.76245	2.4	8.4	44.0	35.0	10.8	Fail	2%
1307	0.56168	8.9	7.0	86.0	59.0	15.9	Pass	28%
1308	0.7648	3.2	9.2	41.0	34.0	12.399999999999999	Fail	1%
1309	0.92893	5.4	8.2	46.0	57.0	13.6	Pass	26%
1310	0.5816	7.5	7.3	61.0	52.0	14.8	Pass	21%
1311	0.33911	2.7	9.7	43.0	33.0	12.399999999999999	Fail	0%
1312	0.94222	3.9	5.4	51.0	45.0	9.3	Fail	13%
1313	0.21483	4.0	6.1	75.0	35.0	10.1	Fail	2%
1314	0.48943	3.7	7.2	69.0	32.0	10.9	Fail	0%
1315	0.21435	6.7	6.5	70.0	47.0	13.2	Fail	15%
1316	0.55228	4.5	7.0	54.0	34.0	11.5	Fail	1%
1317	0.60515	3.7	5.9	71.0	34.0	9.600000000000001	Fail	1%
1318	0.40398	5.7	7.5	61.0	40.0	13.2	Fail	8%
1319	0.16449	7.0	9.0	65.0	50.0	16.0	Pass	19%
1320	0.94915	3.5	8.9	64.0	46.0	12.4	Fail	14%
1321	0.79602	7.6	7.5	59.0	55.0	15.1	Pass	24%
1322	0.78475	3.8	9.0	70.0	34.0	12.8	Fail	1%
1323	0.21198	4.7	7.9	67.0	34.0	12.600000000000001	Fail	1%
1324	0.49703	3.3	9.8	44.0	33.0	13.100000000000001	Fail	0%
1325	0.50688	5.4	8.3	60.0	39.0	13.700000000000001	Fail	6%
1326	0.61422	3.6	8.8	59.0	33.0	12.4	Fail	0%
1327	0.74408	4.0	8.0	66.0	34.0	12.0	Fail	1%
1328	0.85221	4.2	8.2	48.0	42.0	12.399999999999999	Fail	10%
1329	0.64748	7.5	8.5	77.0	52.0	16.0	Pass	21%
1330	0.44955	3.8	5.7	59.0	34.0	9.5	Fail	1%
1331	0.55288	6.8	8.4	50.0	47.0	15.2	Fail	15%
1332	0.79186	8.3	7.0	95.0	57.0	15.3	Pass	26%
1333	0.44637	8.1	8.5	72.0	54.0	16.6	Pass	23%
1334	0.47019	6.3	9.2	46.0	45.0	15.5	Fail	13%
1335	0.64256	6.9	9.2	66.0	49.0	16.1	Fail	18%
1336	0.99982	7.1	9.0	48.0	74.0	16.1	Pass	34%
1337	0.60294	2.9	6.7	46.0	34.0	9.6	Fail	1%
1338	0.59011	3.7	8.6	57.0	36.0	12.3	Fail	3%
1339	0.28471	5.7	5.6	58.0	39.0	11.3	Fail	6%
1340	0.7258	3.6	7.4	57.0	33.0	11.0	Fail	0%
1341	0.767	2.2	9.3	42.0	36.0	11.5	Fail	3%
1342	0.40969	3.4	8.9	55.0	33.0	12.3	Fail	0%
1343	0.99142	3.7	8.7	45.0	54.0	12.399999999999999	Pass	23%
1344	0.43684	4.0	9.3	64.0	34.0	13.3	Fail	1%
1345	0.78472	1.5	10.0	46.0	34.0	11.5	Fail	1%
1346	0.50745	4.3	5.8	52.0	34.0	10.1	Fail	1%
1347	0.79212	0.9	8.3	50.0	33.0	9.200000000000001	Fail	0%
1348	0.70098	7.2	9.3	50.0	53.0	16.5	Pass	22%
1349	0.8693	3.7	9.5	54.0	39.0	13.2	Fail	6%
1350	0.9453	3.1	9.6	49.0	44.0	12.7	Fail	12%
1351	0.62198	2.8	6.5	40.0	34.0	9.3	Fail	1%
1352	0.45877	3.7	8.0	77.0	35.0	11.7	Fail	2%
1353	0.26002	3.0	9.9	43.0	34.0	12.9	Fail	1%
1354	0.14612	8.8	7.6	93.0	59.0	16.4	Pass	28%
1355	0.32597	4.7	9.7	43.0	33.0	14.399999999999999	Fail	0%
1356	0.5497	1.2	5.8	48.0	34.0	7.0	Fail	1%
1357	0.77207	1.3	5.3	47.0	33.0	6.6	Fail	0%
1358	0.6064	3.6	9.8	59.0	34.0	13.4	Fail	1%
1359	0.17497	4.4	6.6	68.0	32.0	11.0	Fail	0%
1360	0.26702	0.8	8.3	49.0	33.0	9.100000000000001	Fail	0%
1361	0.2974	6.1	7.4	46.0	42.0	13.5	Fail	10%
1362	0.33208	1.0	7.9	57.0	35.0	8.9	Fail	2%
1363	0.60886	7.9	5.1	44.0	55.0	13.0	Pass	24%
1364	0.1608	3.4	7.1	59.0	35.0	10.5	Fail	2%
1365	0.25429	3.5	9.4	57.0	34.0	12.9	Fail	1%
1366	0.98594	3.9	10.0	60.0	52.0	13.9	Pass	21%
1367	0.52169	5.8	9.4	74.0	41.0	15.2	Fail	9%
1368	0.86388	7.4	9.6	48.0	62.0	17.0	Pass	31%
1369	0.56037	3.5	9.0	56.0	34.0	12.5	Fail	1%
1370	0.27348	3.3	9.9	41.0	34.0	13.2	Fail	1%
1371	0.71956	6.0	9.6	79.0	44.0	15.6	Fail	12%
1372	0.34515	1.2	8.7	47.0	35.0	9.899999999999999	Fail	2%
1373	0.84886	4.9	8.5	54.0	44.0	13.4	Fail	12%
1374	0.17535	3.9	6.1	61.0	34.0	10.0	Fail	1%
1375	0.79582	7.9	8.4	51.0	60.0	16.3	Pass	29%
1376	0.89307	3.0	8.5	85.0	35.0	11.5	Fail	2%
1377	0.37378	3.8	8.9	70.0	32.0	12.7	Fail	0%
1378	0.68895	3.8	9.6	69.0	35.0	13.399999999999999	Fail	2%
1379	0.42967	4.7	7.2	76.0	34.0	11.9	Fail	1%
1380	0.6809	3.9	8.9	71.0	34.0	12.8	Fail	1%
1381	0.13714	1.6	9.2	58.0	33.0	10.799999999999999	Fail	0%
1382	0.64817	7.8	6.4	49.0	54.0	14.2	Pass	23%
1383	0.44549	5.5	8.0	51.0	41.0	13.5	Fail	9%
1384	0.52466	4.9	6.5	63.0	37.0	11.4	Fail	4%
1385	0.88197	3.9	6.2	54.0	36.0	10.1	Fail	3%
1386	0.47336	3.5	7.3	61.0	34.0	10.8	Fail	1%
1387	0.58119	3.7	9.7	79.0	35.0	13.399999999999999	Fail	2%
